method,seed,held_out_source,sample_id,source_dataset,true_label,predicted_label,correct,prob_AMD_DRY,prob_AMD_WET,prob_NORMAL
RETFOUND_MAE_CFP_FROZEN_PCA128_SVM,42,ADAM,S000001,ADAM,AMD_DRY,AMD_DRY,1,0.9069252969303939,0.08052446288004207,0.012550240189563995
RETFOUND_MAE_CFP_FROZEN_PCA128_SVM,42,ADAM,S000002,ADAM,AMD_DRY,NORMAL,0,0.010448661781360159,0.0023720544549348404,0.987179283763705
RETFOUND_MAE_CFP_FROZEN_PCA128_SVM,42,ADAM,S000003,ADAM,AMD_DRY,AMD_DRY,1,0.6839935629221668,0.019206613261615692,0.29679982381621733
RETFOUND_MAE_CFP_FROZEN_PCA128_SVM,42,ADAM,S000004,ADAM,AMD_DRY,AMD_DRY,1,0.8756836960040133,0.005030233262433627,0.11928607073355316
RETFOUND_MAE_CFP_FROZEN_PCA128_SVM,42,ADAM,S000005,ADAM,AMD_DRY,NORMAL,0,0.0041179031462388145,0.0014399721610880549,0.9944421246926733
RETFOUND_MAE_CFP_FROZEN_PCA128_SVM,42,ADAM,S000006,ADAM,AMD_DRY,AMD_DRY,1,0.9659408484171771,0.033878050072427134,0.00018110151039556064
RETFOUND_MAE_CFP_FROZEN_PCA128_SVM,42,ADAM,S000007,ADAM,AMD_DRY,AMD_DRY,1,0.9970886159901329,0.0026987059582880032,0.00021267805157913357
RETFOUND_MAE_CFP_FROZEN_PCA128_SVM,42,ADAM,S000008,ADAM,AMD_DRY,AMD_DRY,1,0.844308185160645,0.1305239946898533,0.025167820149501825
RETFOUND_MAE_CFP_FROZEN_PCA128_SVM,42,ADAM,S000009,ADAM,AMD_DRY,AMD_DRY,1,0.8511968212102486,0.13932632583847532,0.009476852951276009
RETFOUND_MAE_CFP_FROZEN_PCA128_SVM,42,ADAM,S000010,ADAM,AMD_DRY,AMD_DRY,1,0.7595889046048909,0.18049762187421226,0.059913473520897
RETFOUND_MAE_CFP_FROZEN_PCA128_SVM,42,ADAM,S000011,ADAM,AMD_DRY,AMD_DRY,1,0.7743111418968895,0.030874474651339877,0.19481438345177057
RETFOUND_MAE_CFP_FROZEN_PCA128_SVM,42,ADAM,S000012,ADAM,AMD_DRY,AMD_DRY,1,0.7661395505311199,0.1653309215996786,0.0685295278692014
RETFOUND_MAE_CFP_FROZEN_PCA128_SVM,42,ADAM,S000013,ADAM,AMD_DRY,AMD_DRY,1,0.9811821919093102,0.01603145635848906,0.002786351732200715
RETFOUND_MAE_CFP_FROZEN_PCA128_SVM,42,ADAM,S000014,ADAM,AMD_DRY,NORMAL,0,0.0049264438585802355,0.0007412872337547343,0.994332268907665
RETFOUND_MAE_CFP_FROZEN_PCA128_SVM,42,ADAM,S000015,ADAM,AMD_DRY,AMD_DRY,1,0.9921208490518846,0.007644813927191066,0.00023433702092414397
RETFOUND_MAE_CFP_FROZEN_PCA128_SVM,42,ADAM,S000016,ADAM,AMD_DRY,AMD_DRY,1,0.4879877434326895,0.11001250162137825,0.4019997549459323
RETFOUND_MAE_CFP_FROZEN_PCA128_SVM,42,ADAM,S000017,ADAM,AMD_DRY,AMD_WET,0,0.399693917078699,0.49426491367865966,0.10604116924264123
RETFOUND_MAE_CFP_FROZEN_PCA128_SVM,42,ADAM,S000018,ADAM,AMD_DRY,NORMAL,0,0.24895713646113476,0.3313792456616289,0.41966361787723633
RETFOUND_MAE_CFP_FROZEN_PCA128_SVM,42,ADAM,S000019,ADAM,AMD_DRY,AMD_DRY,1,0.5093223804839273,0.04205597666242375,0.44862164285364875
RETFOUND_MAE_CFP_FROZEN_PCA128_SVM,42,ADAM,S000020,ADAM,AMD_DRY,AMD_DRY,1,0.7019586024560024,0.08489939834526959,0.21314199919872814
RETFOUND_MAE_CFP_FROZEN_PCA128_SVM,42,ADAM,S000021,ADAM,AMD_DRY,NORMAL,0,0.08455776506980281,0.008860126463968386,0.9065821084662288
RETFOUND_MAE_CFP_FROZEN_PCA128_SVM,42,ADAM,S000022,ADAM,AMD_DRY,NORMAL,0,0.3487624139609054,0.054556141958250884,0.5966814440808438
RETFOUND_MAE_CFP_FROZEN_PCA128_SVM,42,ADAM,S000023,ADAM,AMD_DRY,AMD_WET,0,0.20982733274841792,0.7888694876919438,0.0013031795596383647
RETFOUND_MAE_CFP_FROZEN_PCA128_SVM,42,ADAM,S000024,ADAM,AMD_DRY,AMD_DRY,1,0.4218841000619039,0.236415139723686,0.34170076021441
RETFOUND_MAE_CFP_FROZEN_PCA128_SVM,42,ADAM,S000025,ADAM,AMD_DRY,NORMAL,0,0.12462042700234244,0.08161907252498395,0.7937605004726739
RETFOUND_MAE_CFP_FROZEN_PCA128_SVM,42,ADAM,S000026,ADAM,AMD_DRY,AMD_DRY,1,0.9958422678020077,0.002728695544357977,0.0014290366536342247
RETFOUND_MAE_CFP_FROZEN_PCA128_SVM,42,ADAM,S000027,ADAM,AMD_DRY,NORMAL,0,0.20563114790967207,0.006686696578388634,0.7876821555119394
RETFOUND_MAE_CFP_FROZEN_PCA128_SVM,42,ADAM,S000028,ADAM,AMD_DRY,NORMAL,0,0.013266921754262825,0.0028460405403356323,0.9838870377054014
RETFOUND_MAE_CFP_FROZEN_PCA128_SVM,42,ADAM,S000029,ADAM,AMD_DRY,NORMAL,0,0.1132487916362046,0.002337706752051741,0.8844135016117437
RETFOUND_MAE_CFP_FROZEN_PCA128_SVM,42,ADAM,S000030,ADAM,AMD_DRY,NORMAL,0,0.0018937477549202174,0.0007734925150502778,0.9973327597300294
RETFOUND_MAE_CFP_FROZEN_PCA128_SVM,42,ADAM,S000031,ADAM,AMD_DRY,NORMAL,0,0.3856316422243844,0.002650470401033178,0.6117178873745822
RETFOUND_MAE_CFP_FROZEN_PCA128_SVM,42,ADAM,S000032,ADAM,AMD_DRY,AMD_DRY,1,0.9715067947092387,0.019180182965112456,0.009313022325648743
RETFOUND_MAE_CFP_FROZEN_PCA128_SVM,42,ADAM,S000033,ADAM,AMD_DRY,AMD_DRY,1,0.6898582887902146,0.030870368235211065,0.2792713429745743
RETFOUND_MAE_CFP_FROZEN_PCA128_SVM,42,ADAM,S000034,ADAM,AMD_DRY,AMD_DRY,1,0.6489924861305347,0.3036121197957427,0.04739539407372278
RETFOUND_MAE_CFP_FROZEN_PCA128_SVM,42,ADAM,S000035,ADAM,AMD_DRY,AMD_DRY,1,0.9291342615377194,0.06937160311513997,0.0014941353471404316
RETFOUND_MAE_CFP_FROZEN_PCA128_SVM,42,ADAM,S000036,ADAM,AMD_WET,AMD_DRY,0,0.8316260146719304,0.09125818255862755,0.07711580276944224
RETFOUND_MAE_CFP_FROZEN_PCA128_SVM,42,ADAM,S000037,ADAM,AMD_WET,AMD_DRY,0,0.817948830356828,0.18154574450460384,0.000505425138568156
RETFOUND_MAE_CFP_FROZEN_PCA128_SVM,42,ADAM,S000038,ADAM,AMD_WET,AMD_WET,1,0.131429512250562,0.8681293201727286,0.0004411675767094469
RETFOUND_MAE_CFP_FROZEN_PCA128_SVM,42,ADAM,S000039,ADAM,AMD_WET,AMD_WET,1,0.0020251298163518248,0.9973834833932126,0.0005913867904356808
RETFOUND_MAE_CFP_FROZEN_PCA128_SVM,42,ADAM,S000040,ADAM,AMD_WET,AMD_WET,1,0.026295817227584985,0.9732738315162021,0.0004303512562127244
RETFOUND_MAE_CFP_FROZEN_PCA128_SVM,42,ADAM,S000041,ADAM,AMD_WET,AMD_WET,1,3.503728707816871e-07,0.9997054775079641,0.000294172119165297
RETFOUND_MAE_CFP_FROZEN_PCA128_SVM,42,ADAM,S000042,ADAM,AMD_WET,AMD_DRY,0,0.9267925780799502,0.07276881920049087,0.0004386027195591188
RETFOUND_MAE_CFP_FROZEN_PCA128_SVM,42,ADAM,S000043,ADAM,AMD_WET,AMD_WET,1,4.170789037645822e-07,0.9996731285879636,0.0003264543331323599
RETFOUND_MAE_CFP_FROZEN_PCA128_SVM,42,ADAM,S000044,ADAM,AMD_WET,AMD_DRY,0,0.9701753175811831,0.029446789365560326,0.00037789305325629957
RETFOUND_MAE_CFP_FROZEN_PCA128_SVM,42,ADAM,S000045,ADAM,AMD_WET,AMD_DRY,0,0.5909688627958762,0.40719181317027753,0.001839324033846334
RETFOUND_MAE_CFP_FROZEN_PCA128_SVM,42,ADAM,S000046,ADAM,AMD_WET,AMD_WET,1,1.678049909288121e-06,0.9999898311814504,8.49076864039722e-06
RETFOUND_MAE_CFP_FROZEN_PCA128_SVM,42,ADAM,S000047,ADAM,AMD_WET,AMD_WET,1,0.35427758788328567,0.39620119058870823,0.24952122152800602
RETFOUND_MAE_CFP_FROZEN_PCA128_SVM,42,ADAM,S000048,ADAM,AMD_WET,AMD_WET,1,0.036654721655699364,0.9626427128578986,0.0007025654864019983
RETFOUND_MAE_CFP_FROZEN_PCA128_SVM,42,ADAM,S000049,ADAM,AMD_WET,NORMAL,0,0.014579175188505475,0.002520422595490365,0.9829004022160042
RETFOUND_MAE_CFP_FROZEN_PCA128_SVM,42,ADAM,S000050,ADAM,AMD_WET,AMD_DRY,0,0.815897476339565,0.1840324297182102,7.009394222497321e-05
RETFOUND_MAE_CFP_FROZEN_PCA128_SVM,42,ADAM,S000051,ADAM,AMD_WET,AMD_WET,1,0.009355978702246824,0.9899554671740607,0.0006885541236923167
RETFOUND_MAE_CFP_FROZEN_PCA128_SVM,42,ADAM,S000052,ADAM,AMD_WET,AMD_WET,1,0.02770104079848659,0.9674460069569291,0.004852952244584487
RETFOUND_MAE_CFP_FROZEN_PCA128_SVM,42,FIVES,S000053,FIVES,NORMAL,NORMAL,1,0.005968143098682737,0.006153839426635543,0.9878780174746816
RETFOUND_MAE_CFP_FROZEN_PCA128_SVM,42,FIVES,S000054,FIVES,NORMAL,NORMAL,1,0.004689075159396073,0.002694582201516323,0.9926163426390875
RETFOUND_MAE_CFP_FROZEN_PCA128_SVM,42,FIVES,S000055,FIVES,NORMAL,NORMAL,1,0.07119481542351348,0.07722971558366909,0.8515754689928173
RETFOUND_MAE_CFP_FROZEN_PCA128_SVM,42,FIVES,S000056,FIVES,NORMAL,NORMAL,1,0.08952567968892612,0.05961589607132937,0.8508584242397447
RETFOUND_MAE_CFP_FROZEN_PCA128_SVM,42,FIVES,S000057,FIVES,NORMAL,NORMAL,1,0.002780041279776559,0.01196130127523879,0.9852586574449848
RETFOUND_MAE_CFP_FROZEN_PCA128_SVM,42,FIVES,S000058,FIVES,NORMAL,NORMAL,1,0.02966449436584489,0.06399682289531629,0.9063386827388387
RETFOUND_MAE_CFP_FROZEN_PCA128_SVM,42,FIVES,S000059,FIVES,NORMAL,NORMAL,1,0.005552775330717751,0.005512367664054196,0.988934857005228
RETFOUND_MAE_CFP_FROZEN_PCA128_SVM,42,FIVES,S000060,FIVES,NORMAL,NORMAL,1,0.002095651380139976,0.01328693031901656,0.9846174183008435
RETFOUND_MAE_CFP_FROZEN_PCA128_SVM,42,FIVES,S000061,FIVES,NORMAL,NORMAL,1,0.008163407993271254,0.016929342105244532,0.9749072499014843
RETFOUND_MAE_CFP_FROZEN_PCA128_SVM,42,FIVES,S000062,FIVES,NORMAL,NORMAL,1,0.13155862337046617,0.02410396791827491,0.8443374087112588
RETFOUND_MAE_CFP_FROZEN_PCA128_SVM,42,FIVES,S000063,FIVES,NORMAL,NORMAL,1,0.01093966388993178,0.0023429196448017716,0.9867174164652666
RETFOUND_MAE_CFP_FROZEN_PCA128_SVM,42,FIVES,S000064,FIVES,NORMAL,NORMAL,1,0.007203299096922716,0.0017971931798201571,0.9909995077232571
RETFOUND_MAE_CFP_FROZEN_PCA128_SVM,42,FIVES,S000065,FIVES,NORMAL,NORMAL,1,0.01946727619749963,0.007830055594549986,0.9727026682079505
RETFOUND_MAE_CFP_FROZEN_PCA128_SVM,42,FIVES,S000066,FIVES,NORMAL,NORMAL,1,0.014870086323997363,0.003199542699789825,0.9819303709762127
RETFOUND_MAE_CFP_FROZEN_PCA128_SVM,42,FIVES,S000067,FIVES,NORMAL,NORMAL,1,0.004982024190243877,0.0036459556851607035,0.9913720201245954
RETFOUND_MAE_CFP_FROZEN_PCA128_SVM,42,FIVES,S000068,FIVES,NORMAL,NORMAL,1,0.07604883439191425,0.017860233767201257,0.9060909318408845
RETFOUND_MAE_CFP_FROZEN_PCA128_SVM,42,FIVES,S000069,FIVES,NORMAL,NORMAL,1,0.000545693610099522,0.0009185079297849336,0.9985357984601155
RETFOUND_MAE_CFP_FROZEN_PCA128_SVM,42,FIVES,S000070,FIVES,NORMAL,NORMAL,1,0.05238100871859682,0.012835529521799671,0.9347834617596035
RETFOUND_MAE_CFP_FROZEN_PCA128_SVM,42,FIVES,S000071,FIVES,NORMAL,NORMAL,1,0.06550161363663044,0.03133230411013334,0.9031660822532361
RETFOUND_MAE_CFP_FROZEN_PCA128_SVM,42,FIVES,S000072,FIVES,NORMAL,NORMAL,1,0.2182708789600197,0.10526088749875269,0.6764682335412276
RETFOUND_MAE_CFP_FROZEN_PCA128_SVM,42,FIVES,S000073,FIVES,NORMAL,NORMAL,1,0.0520116804568297,0.008238172910754966,0.9397501466324153
RETFOUND_MAE_CFP_FROZEN_PCA128_SVM,42,FIVES,S000074,FIVES,NORMAL,NORMAL,1,0.005052738378244094,0.010857655072070925,0.9840896065496849
RETFOUND_MAE_CFP_FROZEN_PCA128_SVM,42,FIVES,S000075,FIVES,NORMAL,NORMAL,1,0.0006794333140524422,0.0028435268108000615,0.9964770398751472
RETFOUND_MAE_CFP_FROZEN_PCA128_SVM,42,FIVES,S000076,FIVES,NORMAL,NORMAL,1,0.1650175662909795,0.015681070572908105,0.8193013631361126
RETFOUND_MAE_CFP_FROZEN_PCA128_SVM,42,FIVES,S000077,FIVES,NORMAL,NORMAL,1,0.09471934373988183,0.012793465751020174,0.892487190509098
RETFOUND_MAE_CFP_FROZEN_PCA128_SVM,42,FIVES,S000078,FIVES,NORMAL,NORMAL,1,0.05255508221943216,0.032014912779155434,0.9154300050014124
RETFOUND_MAE_CFP_FROZEN_PCA128_SVM,42,FIVES,S000079,FIVES,NORMAL,NORMAL,1,0.011674771258564079,0.036589859954842596,0.9517353687865934
RETFOUND_MAE_CFP_FROZEN_PCA128_SVM,42,FIVES,S000080,FIVES,NORMAL,NORMAL,1,0.012823560528720706,0.0020274883130154855,0.985148951158264
RETFOUND_MAE_CFP_FROZEN_PCA128_SVM,42,FIVES,S000081,FIVES,NORMAL,NORMAL,1,0.002125815258202724,0.0009191320489010981,0.996955052692896
RETFOUND_MAE_CFP_FROZEN_PCA128_SVM,42,FIVES,S000082,FIVES,NORMAL,NORMAL,1,0.018543759055336475,0.005417706108783166,0.9760385348358805
RETFOUND_MAE_CFP_FROZEN_PCA128_SVM,42,FIVES,S000083,FIVES,NORMAL,NORMAL,1,0.008604125680846592,0.015129783874166268,0.9762660904449872
RETFOUND_MAE_CFP_FROZEN_PCA128_SVM,42,FIVES,S000084,FIVES,NORMAL,NORMAL,1,0.008294438570682112,0.007479997893911879,0.9842255635354062
RETFOUND_MAE_CFP_FROZEN_PCA128_SVM,42,FIVES,S000085,FIVES,NORMAL,NORMAL,1,0.019694600452408607,0.006753024898087676,0.9735523746495037
RETFOUND_MAE_CFP_FROZEN_PCA128_SVM,42,FIVES,S000086,FIVES,NORMAL,NORMAL,1,0.23628079881058603,0.13402806527076888,0.6296911359186452
RETFOUND_MAE_CFP_FROZEN_PCA128_SVM,42,FIVES,S000087,FIVES,NORMAL,NORMAL,1,0.004041331222418254,0.0019576151025650136,0.9940010536750167
RETFOUND_MAE_CFP_FROZEN_PCA128_SVM,42,FIVES,S000088,FIVES,NORMAL,NORMAL,1,0.22489032521389,0.0035263524092318524,0.771583322376878
RETFOUND_MAE_CFP_FROZEN_PCA128_SVM,42,FIVES,S000089,FIVES,NORMAL,NORMAL,1,0.09864484403391191,0.0034868656354754414,0.8978682903306128
RETFOUND_MAE_CFP_FROZEN_PCA128_SVM,42,FIVES,S000090,FIVES,NORMAL,NORMAL,1,0.013072273174320677,0.012459730140633628,0.9744679966850458
RETFOUND_MAE_CFP_FROZEN_PCA128_SVM,42,FIVES,S000091,FIVES,NORMAL,NORMAL,1,0.013431064954450038,0.004225455862802131,0.9823434791827477
RETFOUND_MAE_CFP_FROZEN_PCA128_SVM,42,FIVES,S000092,FIVES,NORMAL,NORMAL,1,0.04325358076950589,0.016761758600824475,0.9399846606296696
RETFOUND_MAE_CFP_FROZEN_PCA128_SVM,42,FIVES,S000093,FIVES,NORMAL,NORMAL,1,0.011966908099716867,0.003655505319593064,0.9843775865806901
RETFOUND_MAE_CFP_FROZEN_PCA128_SVM,42,FIVES,S000094,FIVES,NORMAL,NORMAL,1,0.004841917913086414,0.005272281194456937,0.9898858008924568
RETFOUND_MAE_CFP_FROZEN_PCA128_SVM,42,FIVES,S000095,FIVES,NORMAL,NORMAL,1,0.006767401483758805,0.020999592007032882,0.9722330065092083
RETFOUND_MAE_CFP_FROZEN_PCA128_SVM,42,FIVES,S000096,FIVES,NORMAL,NORMAL,1,0.4250594158654174,0.046450920514317304,0.5284896636202652
RETFOUND_MAE_CFP_FROZEN_PCA128_SVM,42,FIVES,S000097,FIVES,NORMAL,NORMAL,1,0.08693771547832878,0.03701743596227048,0.8760448485594011
RETFOUND_MAE_CFP_FROZEN_PCA128_SVM,42,FIVES,S000098,FIVES,NORMAL,NORMAL,1,0.05227727784446379,0.017667430004217933,0.9300552921513181
RETFOUND_MAE_CFP_FROZEN_PCA128_SVM,42,FIVES,S000099,FIVES,NORMAL,NORMAL,1,0.27845076112137307,0.0713018191940617,0.6502474196845651
RETFOUND_MAE_CFP_FROZEN_PCA128_SVM,42,FIVES,S000100,FIVES,NORMAL,NORMAL,1,0.3944840761924106,0.06055165697134496,0.5449642668362443
RETFOUND_MAE_CFP_FROZEN_PCA128_SVM,42,FIVES,S000101,FIVES,NORMAL,NORMAL,1,0.08690483516649541,0.01529116496743123,0.8978039998660733
RETFOUND_MAE_CFP_FROZEN_PCA128_SVM,42,FIVES,S000102,FIVES,NORMAL,NORMAL,1,0.011591270184375791,0.006329638889631571,0.9820790909259927
RETFOUND_MAE_CFP_FROZEN_PCA128_SVM,42,FIVES,S000103,FIVES,NORMAL,NORMAL,1,0.011526668034113974,0.003600740414869042,0.984872591551017
RETFOUND_MAE_CFP_FROZEN_PCA128_SVM,42,FIVES,S000104,FIVES,NORMAL,NORMAL,1,0.004435074918758801,0.004641091945931286,0.9909238331353099
RETFOUND_MAE_CFP_FROZEN_PCA128_SVM,42,FIVES,S000105,FIVES,NORMAL,NORMAL,1,0.004851575810335448,0.01680564934610028,0.978342774843564
RETFOUND_MAE_CFP_FROZEN_PCA128_SVM,42,FIVES,S000106,FIVES,NORMAL,NORMAL,1,0.010632675173667993,0.013473060382672012,0.9758942644436599
RETFOUND_MAE_CFP_FROZEN_PCA128_SVM,42,FIVES,S000107,FIVES,NORMAL,NORMAL,1,0.014640580800734593,0.025519198756589135,0.9598402204426763
RETFOUND_MAE_CFP_FROZEN_PCA128_SVM,42,FIVES,S000108,FIVES,NORMAL,NORMAL,1,0.005909369572019249,0.009749588894305073,0.9843410415336756
RETFOUND_MAE_CFP_FROZEN_PCA128_SVM,42,FIVES,S000109,FIVES,NORMAL,NORMAL,1,0.003704301914853002,0.009871876768954273,0.9864238213161927
RETFOUND_MAE_CFP_FROZEN_PCA128_SVM,42,FIVES,S000110,FIVES,NORMAL,NORMAL,1,0.13123255013676738,0.021169683575411633,0.847597766287821
RETFOUND_MAE_CFP_FROZEN_PCA128_SVM,42,FIVES,S000111,FIVES,NORMAL,NORMAL,1,0.15820601331768636,0.05584245792238835,0.7859515287599252
RETFOUND_MAE_CFP_FROZEN_PCA128_SVM,42,FIVES,S000112,FIVES,NORMAL,NORMAL,1,0.09830526873345831,0.03621246598536594,0.8654822652811756
RETFOUND_MAE_CFP_FROZEN_PCA128_SVM,42,FIVES,S000113,FIVES,NORMAL,NORMAL,1,0.042219017521354374,0.056807660447138794,0.9009733220315073
RETFOUND_MAE_CFP_FROZEN_PCA128_SVM,42,FIVES,S000114,FIVES,NORMAL,NORMAL,1,0.008291104347951347,0.01779319074594493,0.9739157049061036
RETFOUND_MAE_CFP_FROZEN_PCA128_SVM,42,FIVES,S000115,FIVES,NORMAL,NORMAL,1,0.009795476810885564,0.018639570659323153,0.9715649525297911
RETFOUND_MAE_CFP_FROZEN_PCA128_SVM,42,FIVES,S000116,FIVES,NORMAL,NORMAL,1,0.10657345488614825,0.016623884837094562,0.8768026602767572
RETFOUND_MAE_CFP_FROZEN_PCA128_SVM,42,FIVES,S000117,FIVES,NORMAL,NORMAL,1,0.21394545715153898,0.015306553768136801,0.7707479890803242
RETFOUND_MAE_CFP_FROZEN_PCA128_SVM,42,FIVES,S000118,FIVES,NORMAL,NORMAL,1,0.0217064308498062,0.020200439505676314,0.9580931296445172
RETFOUND_MAE_CFP_FROZEN_PCA128_SVM,42,FIVES,S000119,FIVES,NORMAL,NORMAL,1,0.042127019498248944,0.014893324361655939,0.9429796561400953
RETFOUND_MAE_CFP_FROZEN_PCA128_SVM,42,FIVES,S000120,FIVES,NORMAL,NORMAL,1,0.00469672457751146,0.002758966308309181,0.9925443091141795
RETFOUND_MAE_CFP_FROZEN_PCA128_SVM,42,FIVES,S000121,FIVES,NORMAL,NORMAL,1,0.008470093071232811,0.005316842001672961,0.9862130649270939
RETFOUND_MAE_CFP_FROZEN_PCA128_SVM,42,FIVES,S000122,FIVES,NORMAL,NORMAL,1,0.0020731001074098285,0.0028007133748406327,0.9951261865177494
RETFOUND_MAE_CFP_FROZEN_PCA128_SVM,42,FIVES,S000123,FIVES,NORMAL,NORMAL,1,0.003991559782920312,0.0028514024244968043,0.9931570377925829
RETFOUND_MAE_CFP_FROZEN_PCA128_SVM,42,FIVES,S000124,FIVES,NORMAL,NORMAL,1,0.00262602599456711,0.011825012329181882,0.9855489616762511
RETFOUND_MAE_CFP_FROZEN_PCA128_SVM,42,FIVES,S000125,FIVES,NORMAL,NORMAL,1,0.0005777617527486261,0.004927952500847438,0.9944942857464039
RETFOUND_MAE_CFP_FROZEN_PCA128_SVM,42,FIVES,S000126,FIVES,NORMAL,NORMAL,1,0.26248583711620965,0.027639795688420024,0.7098743671953704
RETFOUND_MAE_CFP_FROZEN_PCA128_SVM,42,FIVES,S000127,FIVES,NORMAL,NORMAL,1,0.03878245095793179,0.02208747472446172,0.9391300743176064
RETFOUND_MAE_CFP_FROZEN_PCA128_SVM,42,FIVES,S000128,FIVES,NORMAL,NORMAL,1,0.006438579219414253,0.010378894870388629,0.9831825259101971
RETFOUND_MAE_CFP_FROZEN_PCA128_SVM,42,FIVES,S000129,FIVES,NORMAL,NORMAL,1,0.0037750824000383795,0.005990926022476979,0.9902339915774849
RETFOUND_MAE_CFP_FROZEN_PCA128_SVM,42,FIVES,S000130,FIVES,NORMAL,NORMAL,1,0.06837150310586373,0.01933325900587188,0.9122952378882644
RETFOUND_MAE_CFP_FROZEN_PCA128_SVM,42,FIVES,S000131,FIVES,NORMAL,NORMAL,1,0.0028572909846514773,0.0010637606121598716,0.9960789484031884
RETFOUND_MAE_CFP_FROZEN_PCA128_SVM,42,FIVES,S000132,FIVES,NORMAL,NORMAL,1,0.0063327646262012986,0.0005508476422838942,0.9931163877315149
RETFOUND_MAE_CFP_FROZEN_PCA128_SVM,42,FIVES,S000133,FIVES,NORMAL,NORMAL,1,0.01796634134708205,0.003797315068637019,0.978236343584281
RETFOUND_MAE_CFP_FROZEN_PCA128_SVM,42,FIVES,S000134,FIVES,NORMAL,NORMAL,1,0.007899966308950011,0.005359020344769091,0.986741013346281
RETFOUND_MAE_CFP_FROZEN_PCA128_SVM,42,FIVES,S000135,FIVES,NORMAL,NORMAL,1,0.007093501044542042,0.0023635150207042843,0.9905429839347535
RETFOUND_MAE_CFP_FROZEN_PCA128_SVM,42,FIVES,S000136,FIVES,NORMAL,NORMAL,1,0.014307127038434961,0.001171666224337872,0.9845212067372272
RETFOUND_MAE_CFP_FROZEN_PCA128_SVM,42,FIVES,S000137,FIVES,NORMAL,NORMAL,1,0.09629679844104674,0.005642139254475642,0.8980610623044777
RETFOUND_MAE_CFP_FROZEN_PCA128_SVM,42,FIVES,S000138,FIVES,NORMAL,NORMAL,1,0.01026154024338433,0.00532878122296015,0.9844096785336555
RETFOUND_MAE_CFP_FROZEN_PCA128_SVM,42,FIVES,S000139,FIVES,NORMAL,NORMAL,1,0.023522544572193174,0.04414340166186545,0.9323340537659414
RETFOUND_MAE_CFP_FROZEN_PCA128_SVM,42,FIVES,S000140,FIVES,NORMAL,NORMAL,1,0.021825434080635225,0.0011415472371233467,0.9770330186822416
RETFOUND_MAE_CFP_FROZEN_PCA128_SVM,42,FIVES,S000141,FIVES,NORMAL,NORMAL,1,5.206451151396113e-06,2.87966497539446e-06,0.9999919138838731
RETFOUND_MAE_CFP_FROZEN_PCA128_SVM,42,FIVES,S000142,FIVES,NORMAL,NORMAL,1,0.012556942570806064,0.005414643742920861,0.9820284136862732
RETFOUND_MAE_CFP_FROZEN_PCA128_SVM,42,FIVES,S000143,FIVES,NORMAL,NORMAL,1,0.004866883713166203,0.0050190760226105765,0.9901140402642232
RETFOUND_MAE_CFP_FROZEN_PCA128_SVM,42,FIVES,S000144,FIVES,NORMAL,NORMAL,1,0.1215829963585965,0.11197620533789092,0.7664407983035126
RETFOUND_MAE_CFP_FROZEN_PCA128_SVM,42,FIVES,S000145,FIVES,NORMAL,NORMAL,1,0.03316657626297879,0.007438064963737818,0.9593953587732837
RETFOUND_MAE_CFP_FROZEN_PCA128_SVM,42,FIVES,S000146,FIVES,NORMAL,NORMAL,1,0.03297853481404502,0.0488392715824112,0.9181821936035437
RETFOUND_MAE_CFP_FROZEN_PCA128_SVM,42,FIVES,S000147,FIVES,NORMAL,NORMAL,1,0.010620557183414177,0.016368918133431668,0.9730105246831541
RETFOUND_MAE_CFP_FROZEN_PCA128_SVM,42,FIVES,S000148,FIVES,NORMAL,NORMAL,1,0.0025871725971307333,0.0020143437659776485,0.9953984836368917
RETFOUND_MAE_CFP_FROZEN_PCA128_SVM,42,FIVES,S000149,FIVES,NORMAL,NORMAL,1,0.0035414009070678897,0.002883466567071129,0.9935751325258609
RETFOUND_MAE_CFP_FROZEN_PCA128_SVM,42,FIVES,S000150,FIVES,NORMAL,NORMAL,1,0.011917619607776686,0.02500290107727239,0.9630794793149509
RETFOUND_MAE_CFP_FROZEN_PCA128_SVM,42,FIVES,S000151,FIVES,NORMAL,NORMAL,1,0.01368252373915121,0.006661384512246778,0.9796560917486019
RETFOUND_MAE_CFP_FROZEN_PCA128_SVM,42,FIVES,S000152,FIVES,AMD_DRY,AMD_WET,0,0.42824015480218247,0.5694167628992369,0.002343082298580385
RETFOUND_MAE_CFP_FROZEN_PCA128_SVM,42,FIVES,S000153,FIVES,AMD_DRY,AMD_DRY,1,0.7882113789435321,0.20653370308407024,0.005254917972397676
RETFOUND_MAE_CFP_FROZEN_PCA128_SVM,42,FIVES,S000154,FIVES,AMD_DRY,AMD_DRY,1,0.7543167134428453,0.24391105339587754,0.0017722331612773624
RETFOUND_MAE_CFP_FROZEN_PCA128_SVM,42,FIVES,S000155,FIVES,AMD_DRY,AMD_DRY,1,0.8708870429002992,0.1279851913895282,0.0011277657101724412
RETFOUND_MAE_CFP_FROZEN_PCA128_SVM,42,FIVES,S000156,FIVES,AMD_DRY,AMD_DRY,1,0.9667115273088942,0.030617956064608567,0.0026705166264972342
RETFOUND_MAE_CFP_FROZEN_PCA128_SVM,42,FIVES,S000157,FIVES,AMD_DRY,AMD_WET,0,0.2199145025978479,0.7739923447895143,0.006093152612637789
RETFOUND_MAE_CFP_FROZEN_PCA128_SVM,42,FIVES,S000158,FIVES,AMD_DRY,AMD_DRY,1,0.8899139756499095,0.10820379857957829,0.0018822257705120378
RETFOUND_MAE_CFP_FROZEN_PCA128_SVM,42,FIVES,S000159,FIVES,AMD_DRY,AMD_DRY,1,0.8743148577730633,0.12242875960909211,0.003256382617844681
RETFOUND_MAE_CFP_FROZEN_PCA128_SVM,42,FIVES,S000160,FIVES,AMD_DRY,AMD_DRY,1,0.8596027005202133,0.12859161762277596,0.011805681857010645
RETFOUND_MAE_CFP_FROZEN_PCA128_SVM,42,FIVES,S000161,FIVES,AMD_DRY,AMD_WET,0,0.22991258330923742,0.7670018438904987,0.0030855728002642203
RETFOUND_MAE_CFP_FROZEN_PCA128_SVM,42,FIVES,S000162,FIVES,AMD_DRY,AMD_DRY,1,0.8611065830710719,0.1361800167297257,0.002713400199202418
RETFOUND_MAE_CFP_FROZEN_PCA128_SVM,42,FIVES,S000163,FIVES,AMD_DRY,AMD_DRY,1,0.9193475508017094,0.07903356233971642,0.0016188868585741642
RETFOUND_MAE_CFP_FROZEN_PCA128_SVM,42,FIVES,S000164,FIVES,AMD_DRY,AMD_DRY,1,0.7487265715621428,0.2418739523316316,0.009399476106225673
RETFOUND_MAE_CFP_FROZEN_PCA128_SVM,42,FIVES,S000165,FIVES,AMD_DRY,AMD_DRY,1,0.9095223551672951,0.0887098434525422,0.0017678013801630543
RETFOUND_MAE_CFP_FROZEN_PCA128_SVM,42,FIVES,S000166,FIVES,AMD_DRY,AMD_WET,0,0.0029168930576978624,0.9969591277610762,0.0001239791812261512
RETFOUND_MAE_CFP_FROZEN_PCA128_SVM,42,FIVES,S000167,FIVES,AMD_WET,AMD_WET,1,0.004810766769283321,0.9947224764389312,0.00046675679178551793
RETFOUND_MAE_CFP_FROZEN_PCA128_SVM,42,FIVES,S000168,FIVES,AMD_WET,AMD_WET,1,0.005896496256414244,0.9933462120656158,0.0007572916779700089
RETFOUND_MAE_CFP_FROZEN_PCA128_SVM,42,FIVES,S000169,FIVES,AMD_WET,AMD_WET,1,0.004364792022660517,0.994301390883271,0.0013338170940685595
RETFOUND_MAE_CFP_FROZEN_PCA128_SVM,42,FIVES,S000170,FIVES,AMD_WET,AMD_WET,1,0.002988557523157062,0.9958889870223087,0.001122455454534256
RETFOUND_MAE_CFP_FROZEN_PCA128_SVM,42,FIVES,S000171,FIVES,AMD_WET,AMD_WET,1,0.009795572747698308,0.9891343266428317,0.001070100609469881
RETFOUND_MAE_CFP_FROZEN_PCA128_SVM,42,FIVES,S000172,FIVES,AMD_WET,AMD_WET,1,0.009845533345877148,0.986082901453228,0.0040715652008949995
RETFOUND_MAE_CFP_FROZEN_PCA128_SVM,42,FIVES,S000173,FIVES,AMD_WET,AMD_WET,1,0.10826294327928407,0.863213658148666,0.028523398572049902
RETFOUND_MAE_CFP_FROZEN_PCA128_SVM,42,FIVES,S000174,FIVES,AMD_WET,AMD_WET,1,0.1179495484110534,0.8771614155359909,0.0048890360529557746
RETFOUND_MAE_CFP_FROZEN_PCA128_SVM,42,FIVES,S000175,FIVES,AMD_WET,AMD_WET,1,0.10692670414763304,0.8909329857557694,0.0021403100965973823
RETFOUND_MAE_CFP_FROZEN_PCA128_SVM,42,FIVES,S000176,FIVES,AMD_WET,AMD_WET,1,0.051613893264755,0.9470196776596379,0.0013664290756070685
RETFOUND_MAE_CFP_FROZEN_PCA128_SVM,42,FIVES,S000177,FIVES,AMD_WET,AMD_WET,1,0.04387393649811416,0.9517551253297775,0.004370938172108342
RETFOUND_MAE_CFP_FROZEN_PCA128_SVM,42,FIVES,S000178,FIVES,AMD_WET,AMD_WET,1,0.06109438981389715,0.9372806471569257,0.0016249630291772091
RETFOUND_MAE_CFP_FROZEN_PCA128_SVM,42,FIVES,S000179,FIVES,AMD_WET,AMD_WET,1,0.08665639966290158,0.9077398803813208,0.0056037199557776125
RETFOUND_MAE_CFP_FROZEN_PCA128_SVM,42,FIVES,S000180,FIVES,AMD_WET,AMD_WET,1,0.016508086436646006,0.9828256633336413,0.0006662502297124887
RETFOUND_MAE_CFP_FROZEN_PCA128_SVM,42,FIVES,S000181,FIVES,AMD_WET,AMD_WET,1,0.04606087590881396,0.9534605103168012,0.00047861377438484956
RETFOUND_MAE_CFP_FROZEN_PCA128_SVM,42,FIVES,S000182,FIVES,AMD_WET,AMD_WET,1,0.020320541394785174,0.9791643180671836,0.0005151405380311576
RETFOUND_MAE_CFP_FROZEN_PCA128_SVM,42,FIVES,S000183,FIVES,AMD_WET,AMD_WET,1,0.0034573097983300865,0.9933014083920363,0.0032412818096335676
RETFOUND_MAE_CFP_FROZEN_PCA128_SVM,42,FIVES,S000184,FIVES,AMD_WET,AMD_WET,1,0.005874836432455787,0.9939253916608426,0.0001997719067015886
RETFOUND_MAE_CFP_FROZEN_PCA128_SVM,42,FIVES,S000185,FIVES,AMD_WET,AMD_WET,1,0.014596328132839852,0.9846748069313473,0.0007288649358129145
RETFOUND_MAE_CFP_FROZEN_PCA128_SVM,42,FIVES,S000186,FIVES,AMD_WET,AMD_WET,1,0.007008846949121898,0.9921858815347845,0.0008052715160932498
RETFOUND_MAE_CFP_FROZEN_PCA128_SVM,42,FIVES,S000187,FIVES,AMD_WET,AMD_WET,1,0.11483714120750116,0.8834297011988917,0.0017331575936069387
RETFOUND_MAE_CFP_FROZEN_PCA128_SVM,42,FIVES,S000188,FIVES,AMD_WET,AMD_WET,1,0.008237951554750093,0.9915093203066397,0.00025272813861020255
RETFOUND_MAE_CFP_FROZEN_PCA128_SVM,42,FIVES,S000189,FIVES,AMD_WET,AMD_WET,1,0.032145929537080405,0.9670425117156365,0.000811558747283249
RETFOUND_MAE_CFP_FROZEN_PCA128_SVM,42,FIVES,S000190,FIVES,AMD_WET,AMD_WET,1,0.31168875157195575,0.6814788575296589,0.006832390898385566
RETFOUND_MAE_CFP_FROZEN_PCA128_SVM,42,FIVES,S000191,FIVES,AMD_WET,AMD_WET,1,1.5310243972325179e-06,0.9995341032702252,0.0004643657053776552
RETFOUND_MAE_CFP_FROZEN_PCA128_SVM,42,FIVES,S000192,FIVES,AMD_WET,NORMAL,0,0.33875342209774095,0.1859979899389386,0.47524858796332053
RETFOUND_MAE_CFP_FROZEN_PCA128_SVM,42,FIVES,S000193,FIVES,AMD_WET,AMD_WET,1,0.012777510657204071,0.9837093458194804,0.0035131435233155717
RETFOUND_MAE_CFP_FROZEN_PCA128_SVM,42,FIVES,S000194,FIVES,AMD_WET,AMD_WET,1,0.15022068028340807,0.8380611401631288,0.011718179553462821
RETFOUND_MAE_CFP_FROZEN_PCA128_SVM,42,FIVES,S000195,FIVES,AMD_WET,AMD_WET,1,2.418887489979145e-06,0.9995085511393118,0.0004890299731979994
RETFOUND_MAE_CFP_FROZEN_PCA128_SVM,42,FIVES,S000196,FIVES,AMD_WET,AMD_WET,1,0.004840339183920016,0.9945400726816696,0.0006195881344101231
RETFOUND_MAE_CFP_FROZEN_PCA128_SVM,42,FIVES,S000197,FIVES,AMD_WET,AMD_WET,1,2.278127439002166e-06,0.9996721793207609,0.00032554255179996613
RETFOUND_MAE_CFP_FROZEN_PCA128_SVM,42,FIVES,S000198,FIVES,AMD_WET,AMD_WET,1,0.02302905392891447,0.9699445817110582,0.007026364360027334
RETFOUND_MAE_CFP_FROZEN_PCA128_SVM,42,FIVES,S000199,FIVES,AMD_WET,AMD_WET,1,0.40154458001643983,0.5969358146086376,0.0015196053749222274
RETFOUND_MAE_CFP_FROZEN_PCA128_SVM,42,FIVES,S000200,FIVES,AMD_WET,AMD_WET,1,0.3165952254830541,0.49776668523290546,0.18563808928404057
RETFOUND_MAE_CFP_FROZEN_PCA128_SVM,42,FIVES,S000201,FIVES,AMD_WET,AMD_WET,1,2.8999278857768764e-06,0.9996302792199753,0.00036682085213901117
RETFOUND_MAE_CFP_FROZEN_PCA128_SVM,42,FIVES,S000202,FIVES,AMD_WET,AMD_WET,1,0.022150164779644054,0.9744160272909415,0.003433807929414427
RETFOUND_MAE_CFP_FROZEN_PCA128_SVM,42,FIVES,S000203,FIVES,AMD_WET,AMD_WET,1,0.010952062731467508,0.9755788097919891,0.01346912747654346
RETFOUND_MAE_CFP_FROZEN_PCA128_SVM,42,FIVES,S000204,FIVES,AMD_WET,AMD_WET,1,0.016658149544461966,0.9814554502386214,0.0018864002169166553
RETFOUND_MAE_CFP_FROZEN_PCA128_SVM,42,FIVES,S000205,FIVES,AMD_WET,AMD_WET,1,0.004155278430633543,0.9948340065609593,0.0010107150084070194
RETFOUND_MAE_CFP_FROZEN_PCA128_SVM,42,FIVES,S000207,FIVES,AMD_WET,AMD_WET,1,0.0033488248274467346,0.9963021994616709,0.0003489757108822048
RETFOUND_MAE_CFP_FROZEN_PCA128_SVM,42,FIVES,S000208,FIVES,AMD_WET,AMD_WET,1,0.12183231489253576,0.8774588633805571,0.0007088217269071021
RETFOUND_MAE_CFP_FROZEN_PCA128_SVM,42,FIVES,S000209,FIVES,AMD_WET,AMD_WET,1,0.10824672499603318,0.8468716858374747,0.044881589166491945
RETFOUND_MAE_CFP_FROZEN_PCA128_SVM,42,FIVES,S000210,FIVES,AMD_WET,AMD_WET,1,0.03139140764781793,0.964379569461563,0.0042290228906192336
RETFOUND_MAE_CFP_FROZEN_PCA128_SVM,42,FIVES,S000211,FIVES,AMD_WET,AMD_WET,1,0.24228735011613536,0.7546332530663005,0.0030793968175641564
RETFOUND_MAE_CFP_FROZEN_PCA128_SVM,42,FIVES,S000212,FIVES,AMD_WET,AMD_WET,1,0.06870590252374428,0.9275306587366487,0.003763438739606995
RETFOUND_MAE_CFP_FROZEN_PCA128_SVM,42,FIVES,S000213,FIVES,AMD_WET,AMD_DRY,0,0.48749513107657644,0.32894405223328416,0.18356081669013918
RETFOUND_MAE_CFP_FROZEN_PCA128_SVM,42,FIVES,S000214,FIVES,AMD_WET,AMD_WET,1,0.12030236372314108,0.8783425749962538,0.001355061280605029
RETFOUND_MAE_CFP_FROZEN_PCA128_SVM,42,FIVES,S000215,FIVES,AMD_WET,AMD_WET,1,0.001881712774831305,0.9963446073174218,0.001773679907746875
RETFOUND_MAE_CFP_FROZEN_PCA128_SVM,42,FIVES,S000216,FIVES,AMD_WET,AMD_WET,1,0.002470012244998654,0.996883154716566,0.0006468330384352736
RETFOUND_MAE_CFP_FROZEN_PCA128_SVM,42,FIVES,S000217,FIVES,AMD_WET,AMD_WET,1,0.030237111774909127,0.9650236034701908,0.004739284754900314
RETFOUND_MAE_CFP_FROZEN_PCA128_SVM,42,FIVES,S000218,FIVES,AMD_WET,NORMAL,0,0.4256122490129788,0.12806314803134236,0.44632460295567894
RETFOUND_MAE_CFP_FROZEN_PCA128_SVM,42,FIVES,S000220,FIVES,AMD_WET,AMD_WET,1,0.010897505799410756,0.9885259740213457,0.0005765201792437148
RETFOUND_MAE_CFP_FROZEN_PCA128_SVM,42,FIVES,S000221,FIVES,AMD_WET,AMD_WET,1,0.06786213105437451,0.9290562633754431,0.003081605570182579
RETFOUND_MAE_CFP_FROZEN_PCA128_SVM,42,FIVES,S000222,FIVES,AMD_WET,AMD_WET,1,1.1774865559260316e-05,0.9979074691712234,0.0020807559632174807
RETFOUND_MAE_CFP_FROZEN_PCA128_SVM,42,FIVES,S000223,FIVES,AMD_WET,AMD_DRY,0,0.8131378874371555,0.1775940797999098,0.009268032762934773
RETFOUND_MAE_CFP_FROZEN_PCA128_SVM,42,FIVES,S000224,FIVES,AMD_WET,AMD_WET,1,0.09827750090117579,0.8999996693491544,0.0017228297496697114
RETFOUND_MAE_CFP_FROZEN_PCA128_SVM,42,FIVES,S000225,FIVES,AMD_WET,AMD_WET,1,0.24598176937528507,0.7213693459238307,0.032648884700884194
RETFOUND_MAE_CFP_FROZEN_PCA128_SVM,42,FIVES,S000226,FIVES,AMD_WET,AMD_WET,1,0.028955779746791716,0.9699872558711595,0.001056964382048565
RETFOUND_MAE_CFP_FROZEN_PCA128_SVM,42,FIVES,S000227,FIVES,AMD_WET,AMD_WET,1,0.0021928385302754485,0.9969714088796466,0.0008357525900780288
RETFOUND_MAE_CFP_FROZEN_PCA128_SVM,42,FIVES,S000228,FIVES,AMD_WET,AMD_WET,1,0.003207038408422501,0.9954184482626385,0.0013745133289389006
RETFOUND_MAE_CFP_FROZEN_PCA128_SVM,42,FIVES,S000229,FIVES,AMD_WET,AMD_WET,1,0.010701839907565711,0.9866790964843586,0.0026190636080754676
RETFOUND_MAE_CFP_FROZEN_PCA128_SVM,42,FIVES,S000230,FIVES,AMD_WET,AMD_WET,1,0.002260268806445103,0.9973301210864522,0.00040961010710240076
RETFOUND_MAE_CFP_FROZEN_PCA128_SVM,42,FIVES,S000231,FIVES,AMD_WET,AMD_DRY,0,0.6849898330364005,0.3097081076392667,0.005302059324333051
RETFOUND_MAE_CFP_FROZEN_PCA128_SVM,42,FIVES,S000232,FIVES,AMD_WET,AMD_WET,1,0.2501580900578586,0.7447676297652057,0.005074280176935716
RETFOUND_MAE_CFP_FROZEN_PCA128_SVM,42,FIVES,S000233,FIVES,AMD_WET,NORMAL,0,0.2805909636072801,0.318941950058438,0.4004670863342818
RETFOUND_MAE_CFP_FROZEN_PCA128_SVM,42,FIVES,S000234,FIVES,AMD_WET,AMD_WET,1,0.02585917195503577,0.9611398462817886,0.013000981763175589
RETFOUND_MAE_CFP_FROZEN_PCA128_SVM,42,FIVES,S000235,FIVES,AMD_WET,AMD_WET,1,0.004494268336561055,0.9947141215251512,0.0007916101382875554
RETFOUND_MAE_CFP_FROZEN_PCA128_SVM,42,FIVES,S000236,FIVES,AMD_WET,AMD_WET,1,0.1715658897753426,0.8174259668933772,0.011008143331280081
RETFOUND_MAE_CFP_FROZEN_PCA128_SVM,42,FIVES,S000238,FIVES,AMD_WET,AMD_WET,1,0.23327999656446458,0.6795262279705508,0.08719377546498405
RETFOUND_MAE_CFP_FROZEN_PCA128_SVM,42,ODIR,S000239,ODIR,NORMAL,AMD_DRY,0,0.6472983443761385,0.07566309997647272,0.2770385556473886
RETFOUND_MAE_CFP_FROZEN_PCA128_SVM,42,ODIR,S000240,ODIR,NORMAL,NORMAL,1,0.29280170909341324,0.2806522679878891,0.42654602291869786
RETFOUND_MAE_CFP_FROZEN_PCA128_SVM,42,ODIR,S000241,ODIR,NORMAL,AMD_DRY,0,0.4526928645732954,0.2821516738130281,0.26515546161367654
RETFOUND_MAE_CFP_FROZEN_PCA128_SVM,42,ODIR,S000242,ODIR,NORMAL,NORMAL,1,0.21545246492392287,0.14582511044899177,0.6387224246270855
RETFOUND_MAE_CFP_FROZEN_PCA128_SVM,42,ODIR,S000243,ODIR,NORMAL,AMD_DRY,0,0.9539655113250233,0.02409848032597265,0.021936008349004152
RETFOUND_MAE_CFP_FROZEN_PCA128_SVM,42,ODIR,S000244,ODIR,NORMAL,NORMAL,1,0.058839062058259166,0.08479986614001328,0.8563610718017275
RETFOUND_MAE_CFP_FROZEN_PCA128_SVM,42,ODIR,S000245,ODIR,NORMAL,NORMAL,1,0.2796022361098804,0.08172680548995609,0.6386709584001635
RETFOUND_MAE_CFP_FROZEN_PCA128_SVM,42,ODIR,S000246,ODIR,NORMAL,NORMAL,1,0.03221476042676681,0.042002862167459895,0.9257823774057732
RETFOUND_MAE_CFP_FROZEN_PCA128_SVM,42,ODIR,S000247,ODIR,NORMAL,NORMAL,1,0.04450998279597634,0.1460965618678997,0.8093934553361235
RETFOUND_MAE_CFP_FROZEN_PCA128_SVM,42,ODIR,S000248,ODIR,NORMAL,NORMAL,1,0.2119982023873659,0.19787135581791532,0.5901304417947189
RETFOUND_MAE_CFP_FROZEN_PCA128_SVM,42,ODIR,S000249,ODIR,NORMAL,NORMAL,1,0.12670388895472245,0.07443819263139667,0.7988579184138807
RETFOUND_MAE_CFP_FROZEN_PCA128_SVM,42,ODIR,S000250,ODIR,NORMAL,AMD_DRY,0,0.9541650652980191,0.027542190540174295,0.018292744161806426
RETFOUND_MAE_CFP_FROZEN_PCA128_SVM,42,ODIR,S000251,ODIR,NORMAL,AMD_DRY,0,0.8365339922861488,0.09660164948659224,0.06686435822725889
RETFOUND_MAE_CFP_FROZEN_PCA128_SVM,42,ODIR,S000252,ODIR,NORMAL,NORMAL,1,0.24495122977159564,0.2457202542948381,0.5093285159335661
RETFOUND_MAE_CFP_FROZEN_PCA128_SVM,42,ODIR,S000253,ODIR,NORMAL,NORMAL,1,0.13007014135034925,0.13730230088332124,0.7326275577663294
RETFOUND_MAE_CFP_FROZEN_PCA128_SVM,42,ODIR,S000254,ODIR,NORMAL,NORMAL,1,0.17238854839315473,0.20141619835003377,0.6261952532568114
RETFOUND_MAE_CFP_FROZEN_PCA128_SVM,42,ODIR,S000255,ODIR,NORMAL,AMD_DRY,0,0.4321262004282614,0.1839295702560359,0.3839442293157028
RETFOUND_MAE_CFP_FROZEN_PCA128_SVM,42,ODIR,S000256,ODIR,NORMAL,NORMAL,1,0.31284998832582894,0.12123821955120714,0.5659117921229638
RETFOUND_MAE_CFP_FROZEN_PCA128_SVM,42,ODIR,S000257,ODIR,NORMAL,NORMAL,1,0.0637411512450329,0.044014110885613,0.892244737869354
RETFOUND_MAE_CFP_FROZEN_PCA128_SVM,42,ODIR,S000258,ODIR,NORMAL,NORMAL,1,0.2642915253267524,0.3563889319274643,0.37931954274578317
RETFOUND_MAE_CFP_FROZEN_PCA128_SVM,42,ODIR,S000259,ODIR,NORMAL,NORMAL,1,0.21506110039468382,0.21391506937665075,0.5710238302286652
RETFOUND_MAE_CFP_FROZEN_PCA128_SVM,42,ODIR,S000260,ODIR,NORMAL,NORMAL,1,0.22176722961321882,0.24953445558412518,0.5286983148026559
RETFOUND_MAE_CFP_FROZEN_PCA128_SVM,42,ODIR,S000261,ODIR,NORMAL,AMD_DRY,0,0.6064948521689985,0.061586308521809435,0.3319188393091923
RETFOUND_MAE_CFP_FROZEN_PCA128_SVM,42,ODIR,S000262,ODIR,NORMAL,NORMAL,1,0.07823928361567671,0.036910113718838365,0.884850602665485
RETFOUND_MAE_CFP_FROZEN_PCA128_SVM,42,ODIR,S000263,ODIR,NORMAL,NORMAL,1,0.07767411086774838,0.04475925617949991,0.8775666329527515
RETFOUND_MAE_CFP_FROZEN_PCA128_SVM,42,ODIR,S000264,ODIR,NORMAL,NORMAL,1,0.03523603181018368,0.030994706673327398,0.933769261516489
RETFOUND_MAE_CFP_FROZEN_PCA128_SVM,42,ODIR,S000265,ODIR,NORMAL,AMD_DRY,0,0.5479847397553734,0.1913713079903094,0.2606439522543173
RETFOUND_MAE_CFP_FROZEN_PCA128_SVM,42,ODIR,S000266,ODIR,NORMAL,AMD_DRY,0,0.6655229428119632,0.09508369165102894,0.23939336553700769
RETFOUND_MAE_CFP_FROZEN_PCA128_SVM,42,ODIR,S000267,ODIR,NORMAL,AMD_DRY,0,0.5567273029436673,0.239118915417592,0.20415378163874057
RETFOUND_MAE_CFP_FROZEN_PCA128_SVM,42,ODIR,S000268,ODIR,NORMAL,AMD_DRY,0,0.7874588345357796,0.1462771182376579,0.06626404722656273
RETFOUND_MAE_CFP_FROZEN_PCA128_SVM,42,ODIR,S000269,ODIR,NORMAL,NORMAL,1,0.3906432651798947,0.014415547230418007,0.5949411875896871
RETFOUND_MAE_CFP_FROZEN_PCA128_SVM,42,ODIR,S000270,ODIR,NORMAL,NORMAL,1,0.41948720269503476,0.1450741639835912,0.43543863332137406
RETFOUND_MAE_CFP_FROZEN_PCA128_SVM,42,ODIR,S000271,ODIR,NORMAL,NORMAL,1,0.23652666141283318,0.12825738213991916,0.6352159564472477
RETFOUND_MAE_CFP_FROZEN_PCA128_SVM,42,ODIR,S000272,ODIR,NORMAL,AMD_DRY,0,0.6214088323986136,0.11180825619039438,0.2667829114109922
RETFOUND_MAE_CFP_FROZEN_PCA128_SVM,42,ODIR,S000273,ODIR,NORMAL,NORMAL,1,0.10085583638391879,0.02144946581073572,0.8776946978053455
RETFOUND_MAE_CFP_FROZEN_PCA128_SVM,42,ODIR,S000274,ODIR,NORMAL,NORMAL,1,0.2320665507781864,0.22454307923521732,0.5433903699865964
RETFOUND_MAE_CFP_FROZEN_PCA128_SVM,42,ODIR,S000275,ODIR,NORMAL,NORMAL,1,0.042380775791798476,0.1495363788517202,0.8080828453564813
RETFOUND_MAE_CFP_FROZEN_PCA128_SVM,42,ODIR,S000276,ODIR,NORMAL,NORMAL,1,0.18480014673216175,0.11982473359825503,0.6953751196695833
RETFOUND_MAE_CFP_FROZEN_PCA128_SVM,42,ODIR,S000277,ODIR,NORMAL,NORMAL,1,0.23568395039582826,0.052975915646772204,0.7113401339573996
RETFOUND_MAE_CFP_FROZEN_PCA128_SVM,42,ODIR,S000278,ODIR,NORMAL,NORMAL,1,0.21290763099632534,0.1478778891902477,0.6392144798134267
RETFOUND_MAE_CFP_FROZEN_PCA128_SVM,42,ODIR,S000279,ODIR,NORMAL,NORMAL,1,0.2713737578520299,0.34347285868858723,0.3851533834593826
RETFOUND_MAE_CFP_FROZEN_PCA128_SVM,42,ODIR,S000280,ODIR,NORMAL,NORMAL,1,0.06708699885032803,0.10217271717653514,0.8307402839731367
RETFOUND_MAE_CFP_FROZEN_PCA128_SVM,42,ODIR,S000281,ODIR,NORMAL,NORMAL,1,0.2810407394238591,0.17516866746009815,0.5437905931160426
RETFOUND_MAE_CFP_FROZEN_PCA128_SVM,42,ODIR,S000282,ODIR,NORMAL,NORMAL,1,0.1568547150494919,0.06760325601506845,0.7755420289354397
RETFOUND_MAE_CFP_FROZEN_PCA128_SVM,42,ODIR,S000283,ODIR,NORMAL,NORMAL,1,0.23308165598039726,0.33882136713460764,0.42809697688499526
RETFOUND_MAE_CFP_FROZEN_PCA128_SVM,42,ODIR,S000284,ODIR,NORMAL,AMD_DRY,0,0.4104074788526614,0.2211066046888434,0.3684859164584953
RETFOUND_MAE_CFP_FROZEN_PCA128_SVM,42,ODIR,S000285,ODIR,NORMAL,NORMAL,1,0.2439533754955955,0.2839778680796406,0.4720687564247638
RETFOUND_MAE_CFP_FROZEN_PCA128_SVM,42,ODIR,S000286,ODIR,NORMAL,NORMAL,1,0.12466745070600817,0.0770799230645871,0.7982526262294046
RETFOUND_MAE_CFP_FROZEN_PCA128_SVM,42,ODIR,S000287,ODIR,NORMAL,NORMAL,1,0.3635770440424745,0.2142911571728392,0.42213179878468615
RETFOUND_MAE_CFP_FROZEN_PCA128_SVM,42,ODIR,S000288,ODIR,NORMAL,AMD_WET,0,0.15267657515908425,0.4670571969838831,0.38026622785703257
RETFOUND_MAE_CFP_FROZEN_PCA128_SVM,42,ODIR,S000289,ODIR,NORMAL,AMD_DRY,0,0.5148320339645164,0.261152334605838,0.22401563142964542
RETFOUND_MAE_CFP_FROZEN_PCA128_SVM,42,ODIR,S000290,ODIR,NORMAL,NORMAL,1,0.3481403554532932,0.22212330855350176,0.4297363359932049
RETFOUND_MAE_CFP_FROZEN_PCA128_SVM,42,ODIR,S000291,ODIR,NORMAL,NORMAL,1,0.19715788867466152,0.36233559478882715,0.440506516536511
RETFOUND_MAE_CFP_FROZEN_PCA128_SVM,42,ODIR,S000292,ODIR,NORMAL,NORMAL,1,0.2969364579879985,0.2214509778137185,0.48161256419828274
RETFOUND_MAE_CFP_FROZEN_PCA128_SVM,42,ODIR,S000293,ODIR,NORMAL,NORMAL,1,0.10176568622428193,0.23192210020622622,0.6663122135694916
RETFOUND_MAE_CFP_FROZEN_PCA128_SVM,42,ODIR,S000294,ODIR,NORMAL,NORMAL,1,0.07542579912851645,0.0926082314516627,0.8319659694198206
RETFOUND_MAE_CFP_FROZEN_PCA128_SVM,42,ODIR,S000295,ODIR,NORMAL,AMD_DRY,0,0.6883041138158325,0.19261801525979225,0.1190778709243751
RETFOUND_MAE_CFP_FROZEN_PCA128_SVM,42,ODIR,S000296,ODIR,NORMAL,AMD_WET,0,0.20100538607595514,0.5625655715212792,0.23642904240276583
RETFOUND_MAE_CFP_FROZEN_PCA128_SVM,42,ODIR,S000297,ODIR,NORMAL,NORMAL,1,0.41549821013997795,0.06438114629876457,0.5201206435612574
RETFOUND_MAE_CFP_FROZEN_PCA128_SVM,42,ODIR,S000298,ODIR,NORMAL,AMD_DRY,0,0.4445244168901669,0.1895940915014352,0.36588149160839784
RETFOUND_MAE_CFP_FROZEN_PCA128_SVM,42,ODIR,S000299,ODIR,NORMAL,NORMAL,1,0.08842313097636292,0.13783889775475927,0.7737379712688779
RETFOUND_MAE_CFP_FROZEN_PCA128_SVM,42,ODIR,S000300,ODIR,NORMAL,AMD_WET,0,0.17353821099772704,0.6049622870084418,0.22149950199383128
RETFOUND_MAE_CFP_FROZEN_PCA128_SVM,42,ODIR,S000301,ODIR,NORMAL,NORMAL,1,0.0951847631718257,0.059938572532434974,0.8448766642957394
RETFOUND_MAE_CFP_FROZEN_PCA128_SVM,42,ODIR,S000302,ODIR,NORMAL,NORMAL,1,0.1749475448602462,0.11438285312106367,0.7106696020186903
RETFOUND_MAE_CFP_FROZEN_PCA128_SVM,42,ODIR,S000303,ODIR,NORMAL,AMD_DRY,0,0.6741036090058579,0.08268441073345044,0.24321198026069188
RETFOUND_MAE_CFP_FROZEN_PCA128_SVM,42,ODIR,S000304,ODIR,NORMAL,AMD_DRY,0,0.48722669822523296,0.40211591770517174,0.11065738406959516
RETFOUND_MAE_CFP_FROZEN_PCA128_SVM,42,ODIR,S000305,ODIR,NORMAL,NORMAL,1,0.2191550974555061,0.061980977078220305,0.7188639254662735
RETFOUND_MAE_CFP_FROZEN_PCA128_SVM,42,ODIR,S000306,ODIR,NORMAL,NORMAL,1,0.21624980721694192,0.1652926229714179,0.6184575698116405
RETFOUND_MAE_CFP_FROZEN_PCA128_SVM,42,ODIR,S000307,ODIR,NORMAL,NORMAL,1,0.22118913314745864,0.1384517639947082,0.6403591028578334
RETFOUND_MAE_CFP_FROZEN_PCA128_SVM,42,ODIR,S000308,ODIR,NORMAL,NORMAL,1,0.20914222630774562,0.20070757965695435,0.5901501940353
RETFOUND_MAE_CFP_FROZEN_PCA128_SVM,42,ODIR,S000309,ODIR,NORMAL,NORMAL,1,0.23227754522186345,0.12585252242295855,0.6418699323551779
RETFOUND_MAE_CFP_FROZEN_PCA128_SVM,42,ODIR,S000310,ODIR,NORMAL,NORMAL,1,0.02299319698102195,0.07000460801718668,0.9070021950017912
RETFOUND_MAE_CFP_FROZEN_PCA128_SVM,42,ODIR,S000311,ODIR,NORMAL,NORMAL,1,0.2419119546377086,0.20823223565044188,0.5498558097118497
RETFOUND_MAE_CFP_FROZEN_PCA128_SVM,42,ODIR,S000312,ODIR,NORMAL,AMD_WET,0,0.15861432741752007,0.4499121668845414,0.3914735056979384
RETFOUND_MAE_CFP_FROZEN_PCA128_SVM,42,ODIR,S000313,ODIR,NORMAL,AMD_WET,0,0.2672884800176109,0.4278482935732574,0.30486322640913155
RETFOUND_MAE_CFP_FROZEN_PCA128_SVM,42,ODIR,S000314,ODIR,NORMAL,AMD_WET,0,0.23155491867070474,0.41544114139578625,0.35300393993350887
RETFOUND_MAE_CFP_FROZEN_PCA128_SVM,42,ODIR,S000315,ODIR,NORMAL,AMD_DRY,0,0.892279076402829,0.058535191613779965,0.049185731983390796
RETFOUND_MAE_CFP_FROZEN_PCA128_SVM,42,ODIR,S000316,ODIR,NORMAL,NORMAL,1,0.1969224899803164,0.2334506692423081,0.5696268407773754
RETFOUND_MAE_CFP_FROZEN_PCA128_SVM,42,ODIR,S000317,ODIR,NORMAL,NORMAL,1,0.09888384311464539,0.04640083898923962,0.8547153178961149
RETFOUND_MAE_CFP_FROZEN_PCA128_SVM,42,ODIR,S000318,ODIR,NORMAL,NORMAL,1,0.37947841587732495,0.07896035700896956,0.5415612271137052
RETFOUND_MAE_CFP_FROZEN_PCA128_SVM,42,ODIR,S000319,ODIR,NORMAL,NORMAL,1,0.3611719158708927,0.11211856593098309,0.5267095181981241
RETFOUND_MAE_CFP_FROZEN_PCA128_SVM,42,ODIR,S000320,ODIR,NORMAL,NORMAL,1,0.17999900427298346,0.15135973467650132,0.6686412610505152
RETFOUND_MAE_CFP_FROZEN_PCA128_SVM,42,ODIR,S000321,ODIR,NORMAL,AMD_WET,0,0.20831505004163042,0.46507741634304545,0.3266075336153241
RETFOUND_MAE_CFP_FROZEN_PCA128_SVM,42,ODIR,S000322,ODIR,NORMAL,AMD_WET,0,0.17262524801911772,0.5640842715090201,0.2632904804718619
RETFOUND_MAE_CFP_FROZEN_PCA128_SVM,42,ODIR,S000323,ODIR,NORMAL,AMD_WET,0,0.18026548277608428,0.5950975331847347,0.22463698403918125
RETFOUND_MAE_CFP_FROZEN_PCA128_SVM,42,ODIR,S000324,ODIR,NORMAL,AMD_WET,0,0.2135750476134659,0.6527928070512246,0.1336321453353097
RETFOUND_MAE_CFP_FROZEN_PCA128_SVM,42,ODIR,S000325,ODIR,NORMAL,NORMAL,1,0.061550858462586414,0.0201000326044601,0.9183491089329535
RETFOUND_MAE_CFP_FROZEN_PCA128_SVM,42,ODIR,S000326,ODIR,NORMAL,NORMAL,1,0.1418757990439313,0.03327238449387233,0.8248518164621963
RETFOUND_MAE_CFP_FROZEN_PCA128_SVM,42,ODIR,S000327,ODIR,NORMAL,NORMAL,1,0.12813401721482826,0.14629299252632452,0.7255729902588474
RETFOUND_MAE_CFP_FROZEN_PCA128_SVM,42,ODIR,S000328,ODIR,NORMAL,NORMAL,1,0.07134863446596257,0.08268067985989594,0.8459706856741414
RETFOUND_MAE_CFP_FROZEN_PCA128_SVM,42,ODIR,S000329,ODIR,NORMAL,AMD_DRY,0,0.610230432518328,0.26304053361233243,0.12672903386933934
RETFOUND_MAE_CFP_FROZEN_PCA128_SVM,42,ODIR,S000330,ODIR,NORMAL,AMD_DRY,0,0.742739181432017,0.16329192689123392,0.09396889167674881
RETFOUND_MAE_CFP_FROZEN_PCA128_SVM,42,ODIR,S000331,ODIR,NORMAL,AMD_DRY,0,0.6503602421672667,0.20976349783061554,0.1398762600021178
RETFOUND_MAE_CFP_FROZEN_PCA128_SVM,42,ODIR,S000332,ODIR,NORMAL,AMD_DRY,0,0.4699480915283516,0.2628874963085095,0.2671644121631392
RETFOUND_MAE_CFP_FROZEN_PCA128_SVM,42,ODIR,S000333,ODIR,NORMAL,NORMAL,1,0.30564548746701886,0.037244926274169234,0.657109586258812
RETFOUND_MAE_CFP_FROZEN_PCA128_SVM,42,ODIR,S000334,ODIR,NORMAL,NORMAL,1,0.13396508231430032,0.04299553968032496,0.8230393780053747
RETFOUND_MAE_CFP_FROZEN_PCA128_SVM,42,ODIR,S000335,ODIR,NORMAL,AMD_DRY,0,0.4992693214872063,0.2822203222818134,0.2185103562309804
RETFOUND_MAE_CFP_FROZEN_PCA128_SVM,42,ODIR,S000336,ODIR,NORMAL,AMD_WET,0,0.3217257952771796,0.3625795334856257,0.3156946712371947
RETFOUND_MAE_CFP_FROZEN_PCA128_SVM,42,ODIR,S000337,ODIR,NORMAL,AMD_WET,0,0.37468538905411103,0.48758325883428677,0.1377313521116019
RETFOUND_MAE_CFP_FROZEN_PCA128_SVM,42,ODIR,S000338,ODIR,NORMAL,AMD_WET,0,0.3540729323847154,0.5548984539047711,0.0910286137105135
RETFOUND_MAE_CFP_FROZEN_PCA128_SVM,42,ODIR,S000339,ODIR,NORMAL,NORMAL,1,0.032479680474845105,0.04769099498118383,0.919829324543971
RETFOUND_MAE_CFP_FROZEN_PCA128_SVM,42,ODIR,S000340,ODIR,NORMAL,NORMAL,1,0.08054479968482112,0.11199521249110898,0.8074599878240701
RETFOUND_MAE_CFP_FROZEN_PCA128_SVM,42,ODIR,S000341,ODIR,NORMAL,NORMAL,1,0.21903788030545676,0.2632469090045525,0.5177152106899906
RETFOUND_MAE_CFP_FROZEN_PCA128_SVM,42,ODIR,S000342,ODIR,NORMAL,NORMAL,1,0.12707524350616478,0.2853512093861298,0.587573547107705
RETFOUND_MAE_CFP_FROZEN_PCA128_SVM,42,ODIR,S000343,ODIR,NORMAL,NORMAL,1,0.034547890869372065,0.01474683138922403,0.9507052777414038
RETFOUND_MAE_CFP_FROZEN_PCA128_SVM,42,ODIR,S000344,ODIR,NORMAL,NORMAL,1,0.04332181248031958,0.03069961377782445,0.9259785737418562
RETFOUND_MAE_CFP_FROZEN_PCA128_SVM,42,ODIR,S000345,ODIR,NORMAL,NORMAL,1,0.16433443976511014,0.06325039666750894,0.7724151635673812
RETFOUND_MAE_CFP_FROZEN_PCA128_SVM,42,ODIR,S000346,ODIR,NORMAL,NORMAL,1,0.10370311300286131,0.12768031290924667,0.7686165740878919
RETFOUND_MAE_CFP_FROZEN_PCA128_SVM,42,ODIR,S000347,ODIR,NORMAL,NORMAL,1,0.15479685848357888,0.2098479026437491,0.6353552388726718
RETFOUND_MAE_CFP_FROZEN_PCA128_SVM,42,ODIR,S000348,ODIR,NORMAL,AMD_DRY,0,0.885326637304514,0.0593493898196351,0.055323972875850794
RETFOUND_MAE_CFP_FROZEN_PCA128_SVM,42,ODIR,S000349,ODIR,NORMAL,AMD_DRY,0,0.6317522129379171,0.19064782380973516,0.17759996325234773
RETFOUND_MAE_CFP_FROZEN_PCA128_SVM,42,ODIR,S000350,ODIR,NORMAL,NORMAL,1,0.12819332485197732,0.1367742118701163,0.7350324632779063
RETFOUND_MAE_CFP_FROZEN_PCA128_SVM,42,ODIR,S000351,ODIR,NORMAL,NORMAL,1,0.3917688586278224,0.12367431696926347,0.48455682440291387
RETFOUND_MAE_CFP_FROZEN_PCA128_SVM,42,ODIR,S000352,ODIR,NORMAL,AMD_WET,0,0.21520552778287497,0.6513399521156719,0.13345452010145323
RETFOUND_MAE_CFP_FROZEN_PCA128_SVM,42,ODIR,S000353,ODIR,NORMAL,AMD_DRY,0,0.4511105059567965,0.41805256869322033,0.13083692534998304
RETFOUND_MAE_CFP_FROZEN_PCA128_SVM,42,ODIR,S000354,ODIR,NORMAL,NORMAL,1,0.11495034012075886,0.0747308765329416,0.8103187833462997
RETFOUND_MAE_CFP_FROZEN_PCA128_SVM,42,ODIR,S000355,ODIR,NORMAL,NORMAL,1,0.07773591990529656,0.15534433618403226,0.7669197439106712
RETFOUND_MAE_CFP_FROZEN_PCA128_SVM,42,ODIR,S000356,ODIR,NORMAL,NORMAL,1,0.3695320147767645,0.08074617632828512,0.5497218088949504
RETFOUND_MAE_CFP_FROZEN_PCA128_SVM,42,ODIR,S000357,ODIR,NORMAL,NORMAL,1,0.4035949492412388,0.1349418538062035,0.4614631969525575
RETFOUND_MAE_CFP_FROZEN_PCA128_SVM,42,ODIR,S000358,ODIR,NORMAL,NORMAL,1,0.4355581057591693,0.06990944255137034,0.4945324516894604
RETFOUND_MAE_CFP_FROZEN_PCA128_SVM,42,ODIR,S000359,ODIR,NORMAL,NORMAL,1,0.3004428029005245,0.09681852294305532,0.6027386741564201
RETFOUND_MAE_CFP_FROZEN_PCA128_SVM,42,ODIR,S000360,ODIR,NORMAL,NORMAL,1,0.05132464613510445,0.04956241344915891,0.8991129404157369
RETFOUND_MAE_CFP_FROZEN_PCA128_SVM,42,ODIR,S000361,ODIR,NORMAL,NORMAL,1,0.11420798326124154,0.09282854402049578,0.7929634727182626
RETFOUND_MAE_CFP_FROZEN_PCA128_SVM,42,ODIR,S000362,ODIR,NORMAL,AMD_DRY,0,0.48630218132127534,0.14906701353011137,0.36463080514861335
RETFOUND_MAE_CFP_FROZEN_PCA128_SVM,42,ODIR,S000363,ODIR,NORMAL,NORMAL,1,0.11828689423582264,0.30663885833092686,0.5750742474332506
RETFOUND_MAE_CFP_FROZEN_PCA128_SVM,42,ODIR,S000364,ODIR,AMD_DRY,AMD_WET,0,0.31026133629245994,0.6867134532886532,0.0030252104188868557
RETFOUND_MAE_CFP_FROZEN_PCA128_SVM,42,ODIR,S000365,ODIR,AMD_DRY,AMD_WET,0,0.39592063276663897,0.6018332520919627,0.002246115141398393
RETFOUND_MAE_CFP_FROZEN_PCA128_SVM,42,ODIR,S000366,ODIR,AMD_DRY,AMD_WET,0,0.17811781968128454,0.5087053898800576,0.31317679043865776
RETFOUND_MAE_CFP_FROZEN_PCA128_SVM,42,ODIR,S000367,ODIR,AMD_DRY,AMD_WET,0,0.21392375639233005,0.7756529607174544,0.010423282890215662
RETFOUND_MAE_CFP_FROZEN_PCA128_SVM,42,ODIR,S000368,ODIR,AMD_DRY,AMD_DRY,1,0.7365210438906172,0.08113694735989353,0.18234200874948944
RETFOUND_MAE_CFP_FROZEN_PCA128_SVM,42,ODIR,S000369,ODIR,AMD_DRY,AMD_WET,0,0.26745429133293447,0.659344197832234,0.07320151083483163
RETFOUND_MAE_CFP_FROZEN_PCA128_SVM,42,ODIR,S000370,ODIR,AMD_DRY,AMD_WET,0,0.15500786259111685,0.7350924093051409,0.1098997281037424
RETFOUND_MAE_CFP_FROZEN_PCA128_SVM,42,ODIR,S000371,ODIR,AMD_DRY,AMD_DRY,1,0.7807395523884032,0.16858170848803394,0.05067873912356301
RETFOUND_MAE_CFP_FROZEN_PCA128_SVM,42,ODIR,S000372,ODIR,AMD_DRY,AMD_DRY,1,0.792415472988677,0.11697018701793718,0.09061433999338575
RETFOUND_MAE_CFP_FROZEN_PCA128_SVM,42,ODIR,S000373,ODIR,AMD_DRY,AMD_WET,0,0.08436922662247943,0.8776920450975302,0.03793872827999011
RETFOUND_MAE_CFP_FROZEN_PCA128_SVM,42,ODIR,S000374,ODIR,AMD_DRY,AMD_WET,0,0.2844597972227004,0.6913053655444951,0.024234837232804556
RETFOUND_MAE_CFP_FROZEN_PCA128_SVM,42,ODIR,S000375,ODIR,AMD_DRY,AMD_DRY,1,0.863571595366936,0.12198245604449331,0.014445948588570746
RETFOUND_MAE_CFP_FROZEN_PCA128_SVM,42,ODIR,S000376,ODIR,AMD_DRY,AMD_DRY,1,0.9048475409197564,0.05937534762790717,0.035777111452336426
RETFOUND_MAE_CFP_FROZEN_PCA128_SVM,42,ODIR,S000377,ODIR,AMD_DRY,AMD_WET,0,0.3285932445576734,0.6273053724766298,0.044101382965696836
RETFOUND_MAE_CFP_FROZEN_PCA128_SVM,42,ODIR,S000378,ODIR,AMD_DRY,AMD_WET,0,0.1611048784386558,0.7160713321501685,0.12282378941117553
RETFOUND_MAE_CFP_FROZEN_PCA128_SVM,42,ODIR,S000379,ODIR,AMD_DRY,AMD_WET,0,0.015116547519694497,0.9773789539859176,0.007504498494388006
RETFOUND_MAE_CFP_FROZEN_PCA128_SVM,42,ODIR,S000380,ODIR,AMD_DRY,AMD_WET,0,0.4832179501729539,0.5151274199443809,0.001654629882665049
RETFOUND_MAE_CFP_FROZEN_PCA128_SVM,42,ODIR,S000381,ODIR,AMD_DRY,AMD_DRY,1,0.9503584169748159,0.04842411438097496,0.0012174686442088757
RETFOUND_MAE_CFP_FROZEN_PCA128_SVM,42,ODIR,S000382,ODIR,AMD_DRY,AMD_WET,0,0.12947163315978438,0.8611098231175546,0.00941854372266111
RETFOUND_MAE_CFP_FROZEN_PCA128_SVM,42,ODIR,S000383,ODIR,AMD_DRY,AMD_WET,0,0.24886021148461918,0.6178375369988782,0.13330225151650235
RETFOUND_MAE_CFP_FROZEN_PCA128_SVM,42,ODIR,S000384,ODIR,AMD_DRY,AMD_WET,0,0.28545063355590505,0.48790898940523036,0.22664037703886458
RETFOUND_MAE_CFP_FROZEN_PCA128_SVM,42,ODIR,S000385,ODIR,AMD_DRY,AMD_DRY,1,0.9256300088189664,0.06980703366662472,0.004562957514408937
RETFOUND_MAE_CFP_FROZEN_PCA128_SVM,42,ODIR,S000386,ODIR,AMD_DRY,AMD_WET,0,0.46837137769753356,0.5197184778578825,0.011910144444584218
RETFOUND_MAE_CFP_FROZEN_PCA128_SVM,42,ODIR,S000387,ODIR,AMD_DRY,AMD_WET,0,0.23914783086689298,0.7458732276488482,0.01497894148425874
RETFOUND_MAE_CFP_FROZEN_PCA128_SVM,42,ODIR,S000388,ODIR,AMD_DRY,AMD_WET,0,0.15789051805297807,0.8220996242493613,0.020009857697660293
RETFOUND_MAE_CFP_FROZEN_PCA128_SVM,42,ODIR,S000389,ODIR,AMD_DRY,AMD_DRY,1,0.8401431422603736,0.09123988100740558,0.06861697673222088
RETFOUND_MAE_CFP_FROZEN_PCA128_SVM,42,ODIR,S000390,ODIR,AMD_DRY,AMD_WET,0,0.33318556705945923,0.6378439212639747,0.0289705116765661
RETFOUND_MAE_CFP_FROZEN_PCA128_SVM,42,ODIR,S000391,ODIR,AMD_DRY,AMD_WET,0,0.3344465789727112,0.5774893036654615,0.08806411736182729
RETFOUND_MAE_CFP_FROZEN_PCA128_SVM,42,ODIR,S000392,ODIR,AMD_DRY,AMD_DRY,1,0.8421290724747685,0.1538412812134187,0.004029646311812947
RETFOUND_MAE_CFP_FROZEN_PCA128_SVM,42,ODIR,S000393,ODIR,AMD_DRY,AMD_WET,0,0.3296567987116979,0.6581049169644294,0.012238284323872658
RETFOUND_MAE_CFP_FROZEN_PCA128_SVM,42,ODIR,S000394,ODIR,AMD_DRY,AMD_DRY,1,0.5106227272126566,0.48086898725207605,0.008508285535267168
RETFOUND_MAE_CFP_FROZEN_PCA128_SVM,42,ODIR,S000395,ODIR,AMD_DRY,AMD_WET,0,0.16420127338911295,0.8176819239984262,0.018116802612460774
RETFOUND_MAE_CFP_FROZEN_PCA128_SVM,42,ODIR,S000396,ODIR,AMD_DRY,AMD_DRY,1,0.610501114276554,0.37701881187260167,0.012480073850844256
RETFOUND_MAE_CFP_FROZEN_PCA128_SVM,42,ODIR,S000397,ODIR,AMD_DRY,AMD_DRY,1,0.5829165600061708,0.4080628320283957,0.00902060796543363
RETFOUND_MAE_CFP_FROZEN_PCA128_SVM,42,ODIR,S000398,ODIR,AMD_DRY,AMD_DRY,1,0.9586344371111833,0.036970248320825815,0.004395314567990659
RETFOUND_MAE_CFP_FROZEN_PCA128_SVM,42,ODIR,S000399,ODIR,AMD_DRY,AMD_WET,0,0.004887375067498187,0.9947963121456439,0.0003163127868578129
RETFOUND_MAE_CFP_FROZEN_PCA128_SVM,42,ODIR,S000400,ODIR,AMD_DRY,AMD_WET,0,0.011097202173502782,0.9872859973303574,0.0016168004961397764
RETFOUND_MAE_CFP_FROZEN_PCA128_SVM,42,ODIR,S000401,ODIR,AMD_DRY,AMD_DRY,1,0.9191727665397924,0.069432087334692,0.011395146125515666
RETFOUND_MAE_CFP_FROZEN_PCA128_SVM,42,ODIR,S000402,ODIR,AMD_DRY,AMD_DRY,1,0.886194378883434,0.10209102112841306,0.011714599988152842
RETFOUND_MAE_CFP_FROZEN_PCA128_SVM,42,ODIR,S000403,ODIR,AMD_DRY,AMD_DRY,1,0.7283676822024546,0.2482211776975639,0.02341114009998163
RETFOUND_MAE_CFP_FROZEN_PCA128_SVM,42,ODIR,S000404,ODIR,AMD_DRY,AMD_WET,0,0.31914774796055023,0.655131183642203,0.02572106839724675
RETFOUND_MAE_CFP_FROZEN_PCA128_SVM,42,ODIR,S000405,ODIR,AMD_DRY,AMD_DRY,1,0.8660820908088646,0.11441044239138903,0.019507466799746284
RETFOUND_MAE_CFP_FROZEN_PCA128_SVM,42,ODIR,S000406,ODIR,AMD_DRY,AMD_DRY,1,0.7955274756279671,0.17191237450002836,0.032560149872004375
RETFOUND_MAE_CFP_FROZEN_PCA128_SVM,42,ODIR,S000407,ODIR,AMD_DRY,AMD_WET,0,0.024111635489119702,0.9732806904036504,0.0026076741072298434
RETFOUND_MAE_CFP_FROZEN_PCA128_SVM,42,ODIR,S000408,ODIR,AMD_DRY,AMD_WET,0,0.334306660228861,0.42496273427435377,0.24073060549678577
RETFOUND_MAE_CFP_FROZEN_PCA128_SVM,42,ODIR,S000409,ODIR,AMD_DRY,AMD_DRY,1,0.7388703211574887,0.24577974136632583,0.015349937476185535
RETFOUND_MAE_CFP_FROZEN_PCA128_SVM,42,ODIR,S000410,ODIR,AMD_DRY,AMD_DRY,1,0.5144508893590021,0.4379749627515461,0.04757414788945179
RETFOUND_MAE_CFP_FROZEN_PCA128_SVM,42,ODIR,S000411,ODIR,AMD_DRY,AMD_WET,0,0.07967566998847127,0.9017766586950378,0.018547671316490932
RETFOUND_MAE_CFP_FROZEN_PCA128_SVM,42,ODIR,S000412,ODIR,AMD_DRY,AMD_DRY,1,0.5132707623344208,0.4278797338033763,0.058849503862202834
RETFOUND_MAE_CFP_FROZEN_PCA128_SVM,42,ODIR,S000413,ODIR,AMD_DRY,AMD_DRY,1,0.3621527340612198,0.3044571262481751,0.33339013969060516
RETFOUND_MAE_CFP_FROZEN_PCA128_SVM,42,ODIR,S000414,ODIR,AMD_DRY,AMD_WET,0,0.16210214385340496,0.8316378188462028,0.006260037300392302
RETFOUND_MAE_CFP_FROZEN_PCA128_SVM,42,ODIR,S000415,ODIR,AMD_DRY,AMD_DRY,1,0.49227517408462657,0.481787167763931,0.02593765815144227
RETFOUND_MAE_CFP_FROZEN_PCA128_SVM,42,ODIR,S000416,ODIR,AMD_DRY,AMD_WET,0,0.20070936211584545,0.5872569229101121,0.21203371497404244
RETFOUND_MAE_CFP_FROZEN_PCA128_SVM,42,ODIR,S000417,ODIR,AMD_DRY,AMD_DRY,1,0.8657526019842263,0.12858754212309198,0.005659855892681634
RETFOUND_MAE_CFP_FROZEN_PCA128_SVM,42,ODIR,S000418,ODIR,AMD_DRY,AMD_WET,0,0.07178127068416591,0.9258529999886689,0.0023657293271651656
RETFOUND_MAE_CFP_FROZEN_PCA128_SVM,42,ODIR,S000419,ODIR,AMD_DRY,AMD_DRY,1,0.8218894653021662,0.16377816291038172,0.014332371787452116
RETFOUND_MAE_CFP_FROZEN_PCA128_SVM,42,ODIR,S000420,ODIR,AMD_DRY,AMD_DRY,1,0.5845486069838605,0.35259676464228534,0.06285462837385437
RETFOUND_MAE_CFP_FROZEN_PCA128_SVM,42,ODIR,S000421,ODIR,AMD_DRY,AMD_WET,0,0.1707085321120293,0.8104217848258973,0.018869683062073424
RETFOUND_MAE_CFP_FROZEN_PCA128_SVM,42,ODIR,S000422,ODIR,AMD_DRY,AMD_WET,0,0.21983377227585138,0.7490486598959641,0.03111756782818462
RETFOUND_MAE_CFP_FROZEN_PCA128_SVM,42,ODIR,S000423,ODIR,AMD_DRY,AMD_WET,0,0.022895541054655338,0.9725276028119811,0.0045768561333639065
RETFOUND_MAE_CFP_FROZEN_PCA128_SVM,42,ODIR,S000424,ODIR,AMD_DRY,NORMAL,0,0.1451903143091071,0.15874576958182463,0.6960639161090684
RETFOUND_MAE_CFP_FROZEN_PCA128_SVM,42,ODIR,S000425,ODIR,AMD_DRY,AMD_DRY,1,0.9252268929085334,0.06428257106426422,0.010490536027202478
RETFOUND_MAE_CFP_FROZEN_PCA128_SVM,42,ODIR,S000426,ODIR,AMD_DRY,AMD_WET,0,0.18557110523460513,0.7265905904310401,0.08783830433435477
RETFOUND_MAE_CFP_FROZEN_PCA128_SVM,42,ODIR,S000427,ODIR,AMD_DRY,AMD_WET,0,0.14301582378025757,0.7940017384147178,0.06298243780502441
RETFOUND_MAE_CFP_FROZEN_PCA128_SVM,42,ODIR,S000428,ODIR,AMD_DRY,NORMAL,0,0.4320353253576641,0.07853931940204542,0.48942535524029074
RETFOUND_MAE_CFP_FROZEN_PCA128_SVM,42,ODIR,S000429,ODIR,AMD_DRY,AMD_DRY,1,0.730045096689945,0.2669759031936725,0.0029790001163824643
RETFOUND_MAE_CFP_FROZEN_PCA128_SVM,42,ODIR,S000430,ODIR,AMD_DRY,AMD_WET,0,0.21169288054125576,0.7828895017861888,0.0054176176725555395
RETFOUND_MAE_CFP_FROZEN_PCA128_SVM,42,ODIR,S000431,ODIR,AMD_DRY,AMD_DRY,1,0.9496581642626107,0.04591225421524046,0.004429581522148729
RETFOUND_MAE_CFP_FROZEN_PCA128_SVM,42,ODIR,S000432,ODIR,AMD_DRY,AMD_DRY,1,0.9022888965430323,0.06613231233075456,0.03157879112621315
RETFOUND_MAE_CFP_FROZEN_PCA128_SVM,42,ODIR,S000433,ODIR,AMD_DRY,AMD_DRY,1,0.8621371131625436,0.12946639428611725,0.008396492551339271
RETFOUND_MAE_CFP_FROZEN_PCA128_SVM,42,ODIR,S000434,ODIR,AMD_DRY,AMD_DRY,1,0.5566070406307909,0.414347066016931,0.029045893352277967
RETFOUND_MAE_CFP_FROZEN_PCA128_SVM,42,ODIR,S000435,ODIR,AMD_DRY,AMD_DRY,1,0.5751850061223637,0.40767028835447744,0.01714470552315911
RETFOUND_MAE_CFP_FROZEN_PCA128_SVM,42,ODIR,S000436,ODIR,AMD_DRY,AMD_WET,0,0.21304653262804052,0.7748099009185209,0.01214356645343872
RETFOUND_MAE_CFP_FROZEN_PCA128_SVM,42,ODIR,S000437,ODIR,AMD_DRY,AMD_WET,0,0.1747395082490723,0.7064080137963458,0.11885247795458201
RETFOUND_MAE_CFP_FROZEN_PCA128_SVM,42,ODIR,S000438,ODIR,AMD_DRY,AMD_WET,0,0.10787958170828979,0.8428038063498873,0.0493166119418231
RETFOUND_MAE_CFP_FROZEN_PCA128_SVM,42,ODIR,S000439,ODIR,AMD_DRY,AMD_WET,0,0.07401724942852561,0.9035353584767086,0.02244739209476598
RETFOUND_MAE_CFP_FROZEN_PCA128_SVM,42,ODIR,S000440,ODIR,AMD_DRY,NORMAL,0,0.23719571067776016,0.1781004669374565,0.5847038223847835
RETFOUND_MAE_CFP_FROZEN_PCA128_SVM,42,ODIR,S000441,ODIR,AMD_DRY,AMD_DRY,1,0.6447357027034305,0.34168852345906203,0.01357577383750755
RETFOUND_MAE_CFP_FROZEN_PCA128_SVM,42,ODIR,S000442,ODIR,AMD_DRY,AMD_DRY,1,0.38836212896391364,0.24286922089253007,0.36876865014355625
RETFOUND_MAE_CFP_FROZEN_PCA128_SVM,42,ODIR,S000443,ODIR,AMD_DRY,AMD_WET,0,0.2890982350366762,0.7050977861876336,0.0058039787756901775
RETFOUND_MAE_CFP_FROZEN_PCA128_SVM,42,ODIR,S000444,ODIR,AMD_DRY,AMD_DRY,1,0.44200750296555097,0.21409641541859986,0.343896081615849
RETFOUND_MAE_CFP_FROZEN_PCA128_SVM,42,ODIR,S000445,ODIR,AMD_WET,AMD_DRY,0,0.833098796594871,0.16568555727709045,0.0012156461280386898
RETFOUND_MAE_CFP_FROZEN_PCA128_SVM,42,ODIR,S000446,ODIR,AMD_WET,AMD_WET,1,0.1361510095564604,0.8488477328000043,0.015001257643535276
RETFOUND_MAE_CFP_FROZEN_PCA128_SVM,42,ODIR,S000447,ODIR,AMD_WET,AMD_WET,1,0.05174764475198566,0.946339138234736,0.0019132170132783195
RETFOUND_MAE_CFP_FROZEN_PCA128_SVM,42,ODIR,S000448,ODIR,AMD_WET,AMD_WET,1,3.438361132118861e-06,0.9995397629576527,0.0004567986812152295
RETFOUND_MAE_CFP_FROZEN_PCA128_SVM,42,ODIR,S000449,ODIR,AMD_WET,AMD_WET,1,0.1037771459181601,0.8910091744284684,0.0052136796533712865
RETFOUND_MAE_CFP_FROZEN_PCA128_SVM,42,ODIR,S000450,ODIR,AMD_WET,AMD_WET,1,0.008699490789508248,0.9892874382437268,0.0020130709667648006
RETFOUND_MAE_CFP_FROZEN_PCA128_SVM,42,ODIR,S000451,ODIR,AMD_WET,AMD_WET,1,0.03637897528985199,0.9415864112749065,0.022034613435241546
RETFOUND_MAE_CFP_FROZEN_PCA128_SVM,42,ODIR,S000452,ODIR,AMD_WET,AMD_WET,1,0.13343493354616276,0.47714958481549874,0.3894154816383382
RETFOUND_MAE_CFP_FROZEN_PCA128_SVM,42,ODIR,S000453,ODIR,AMD_WET,AMD_WET,1,0.12324974838049212,0.8733736707763542,0.003376580843153619
RETFOUND_MAE_CFP_FROZEN_PCA128_SVM,42,ODIR,S000454,ODIR,AMD_WET,AMD_WET,1,0.017473339394928223,0.9795918755804007,0.002934785024671255
RETFOUND_MAE_CFP_FROZEN_PCA128_SVM,42,ODIR,S000455,ODIR,AMD_WET,AMD_WET,1,0.05443049071869077,0.9419171760451629,0.0036523332361462456
RETFOUND_MAE_CFP_FROZEN_PCA128_SVM,42,ODIR,S000456,ODIR,AMD_WET,AMD_WET,1,3.7627527137918895e-06,0.9991211107165716,0.0008751265307146182
RETFOUND_MAE_CFP_FROZEN_PCA128_SVM,42,ODIR,S000457,ODIR,AMD_WET,AMD_WET,1,0.04280689748818587,0.9166981754005517,0.04049492711126263
RETFOUND_MAE_CFP_FROZEN_PCA128_SVM,42,ODIR,S000458,ODIR,AMD_WET,AMD_WET,1,0.04402835109580604,0.951790566575653,0.004181082328540838
RETFOUND_MAE_CFP_FROZEN_PCA128_SVM,42,ODIR,S000459,ODIR,AMD_WET,AMD_WET,1,0.12930050408603153,0.7906772539749051,0.08002224193906338
RETFOUND_MAE_CFP_FROZEN_PCA128_SVM,42,ODIR,S000460,ODIR,AMD_WET,AMD_WET,1,0.17695170929945403,0.7090336271240697,0.1140146635764765
RETFOUND_MAE_CFP_FROZEN_PCA128_SVM,42,ODIR,S000461,ODIR,AMD_WET,AMD_WET,1,0.2991668071878799,0.6895940550966017,0.011239137715518618
RETFOUND_MAE_CFP_FROZEN_PCA128_SVM,42,ODIR,S000462,ODIR,AMD_WET,AMD_WET,1,0.03363344992053989,0.9652452724235111,0.0011212776559489754
RETFOUND_MAE_CFP_FROZEN_PCA128_SVM,42,ODIR,S000463,ODIR,AMD_WET,AMD_WET,1,0.020425860012633797,0.9725271944360367,0.007046945551329557
RETFOUND_MAE_CFP_FROZEN_PCA128_SVM,42,ODIR,S000464,ODIR,AMD_WET,AMD_WET,1,0.054742382460545046,0.9376010371403504,0.0076565803991046925
RETFOUND_MAE_CFP_FROZEN_PCA128_SVM,42,ODIR,S000465,ODIR,AMD_WET,AMD_WET,1,0.24708983581151767,0.6634111260442452,0.08949903814423725
RETFOUND_MAE_CFP_FROZEN_PCA128_SVM,42,ODIR,S000466,ODIR,AMD_WET,AMD_WET,1,0.012576748172959113,0.9789032527926059,0.008519999034434891
RETFOUND_MAE_CFP_FROZEN_PCA128_SVM,42,ODIR,S000467,ODIR,AMD_WET,AMD_WET,1,0.01852327002962202,0.977074757655792,0.004401972314586102
RETFOUND_MAE_CFP_FROZEN_PCA128_SVM,42,ODIR,S000468,ODIR,AMD_WET,AMD_WET,1,0.002595198424847683,0.9966016564884317,0.0008031450867206224
RETFOUND_MAE_CFP_FROZEN_PCA128_SVM,42,ODIR,S000469,ODIR,AMD_WET,AMD_WET,1,0.027629170889050002,0.9698820725930943,0.0024887565178557764
RETFOUND_MAE_CFP_FROZEN_PCA128_SVM,42,ODIR,S000470,ODIR,AMD_WET,AMD_WET,1,1.7059590648332642e-06,0.9993966757797532,0.000601618261181888
RETFOUND_MAE_CFP_FROZEN_PCA128_SVM,42,ODIR,S000471,ODIR,AMD_WET,AMD_WET,1,0.19415248076048816,0.7310059401487249,0.07484157909078683
RETFOUND_MAE_CFP_FROZEN_PCA128_SVM,42,ODIR,S000472,ODIR,AMD_WET,AMD_WET,1,0.2506334587923899,0.633043142977591,0.11632339823001905
RETFOUND_MAE_CFP_FROZEN_PCA128_SVM,42,RFMID,S000473,RFMID,NORMAL,NORMAL,1,0.08021067825164405,0.2173809569693902,0.7024083647789658
RETFOUND_MAE_CFP_FROZEN_PCA128_SVM,42,RFMID,S000474,RFMID,NORMAL,NORMAL,1,0.023260241751016222,0.13433059536817554,0.8424091628808082
RETFOUND_MAE_CFP_FROZEN_PCA128_SVM,42,RFMID,S000475,RFMID,NORMAL,NORMAL,1,0.07009687366870028,0.35125480092251005,0.5786483254087896
RETFOUND_MAE_CFP_FROZEN_PCA128_SVM,42,RFMID,S000476,RFMID,NORMAL,AMD_WET,0,0.2704638760689737,0.4226577070934284,0.306878416837598
RETFOUND_MAE_CFP_FROZEN_PCA128_SVM,42,RFMID,S000477,RFMID,NORMAL,NORMAL,1,0.08085767434310136,0.24982116480180333,0.6693211608550951
RETFOUND_MAE_CFP_FROZEN_PCA128_SVM,42,RFMID,S000478,RFMID,NORMAL,AMD_DRY,0,0.6374385915944258,0.0634807336727054,0.2990806747328688
RETFOUND_MAE_CFP_FROZEN_PCA128_SVM,42,RFMID,S000479,RFMID,NORMAL,NORMAL,1,0.07462756786191377,0.03317953581869207,0.8921928963193944
RETFOUND_MAE_CFP_FROZEN_PCA128_SVM,42,RFMID,S000480,RFMID,NORMAL,NORMAL,1,0.015505158587282002,0.007674356581076454,0.9768204848316414
RETFOUND_MAE_CFP_FROZEN_PCA128_SVM,42,RFMID,S000481,RFMID,NORMAL,NORMAL,1,0.17635009875539903,0.11047292326271337,0.7131769779818878
RETFOUND_MAE_CFP_FROZEN_PCA128_SVM,42,RFMID,S000482,RFMID,NORMAL,NORMAL,1,0.15157632931232584,0.007868995249266944,0.8405546754384073
RETFOUND_MAE_CFP_FROZEN_PCA128_SVM,42,RFMID,S000483,RFMID,NORMAL,NORMAL,1,0.004848768798828067,0.031998071571975005,0.9631531596291968
RETFOUND_MAE_CFP_FROZEN_PCA128_SVM,42,RFMID,S000484,RFMID,NORMAL,AMD_WET,0,0.22131913949643836,0.4293445133385089,0.34933634716505274
RETFOUND_MAE_CFP_FROZEN_PCA128_SVM,42,RFMID,S000485,RFMID,NORMAL,NORMAL,1,0.32514657967228383,0.1461205581717877,0.5287328621559286
RETFOUND_MAE_CFP_FROZEN_PCA128_SVM,42,RFMID,S000486,RFMID,NORMAL,NORMAL,1,0.06142512279626418,0.06387476733194838,0.8747001098717873
RETFOUND_MAE_CFP_FROZEN_PCA128_SVM,42,RFMID,S000487,RFMID,NORMAL,NORMAL,1,0.00760182220482002,0.012892272002683327,0.9795059057924966
RETFOUND_MAE_CFP_FROZEN_PCA128_SVM,42,RFMID,S000488,RFMID,NORMAL,NORMAL,1,0.05080215679746836,0.01949997627719017,0.9296978669253413
RETFOUND_MAE_CFP_FROZEN_PCA128_SVM,42,RFMID,S000489,RFMID,NORMAL,NORMAL,1,0.3006542555165084,0.02753746177226677,0.6718082827112248
RETFOUND_MAE_CFP_FROZEN_PCA128_SVM,42,RFMID,S000490,RFMID,NORMAL,NORMAL,1,0.04186497891020544,0.22411427600270512,0.7340207450870893
RETFOUND_MAE_CFP_FROZEN_PCA128_SVM,42,RFMID,S000491,RFMID,NORMAL,AMD_DRY,0,0.39948363736663484,0.35714673842048783,0.24336962421287744
RETFOUND_MAE_CFP_FROZEN_PCA128_SVM,42,RFMID,S000492,RFMID,NORMAL,NORMAL,1,0.01165130384373278,0.1776858492320185,0.8106628469242488
RETFOUND_MAE_CFP_FROZEN_PCA128_SVM,42,RFMID,S000493,RFMID,NORMAL,NORMAL,1,0.011319067101106415,0.11796251385163697,0.8707184190472567
RETFOUND_MAE_CFP_FROZEN_PCA128_SVM,42,RFMID,S000494,RFMID,NORMAL,NORMAL,1,0.3787704281774551,0.05948813916204462,0.5617414326605004
RETFOUND_MAE_CFP_FROZEN_PCA128_SVM,42,RFMID,S000495,RFMID,NORMAL,NORMAL,1,0.35322353803416434,0.01767026030873107,0.6291062016571046
RETFOUND_MAE_CFP_FROZEN_PCA128_SVM,42,RFMID,S000496,RFMID,NORMAL,NORMAL,1,0.17030087554669365,0.2311690312575602,0.5985300931957462
RETFOUND_MAE_CFP_FROZEN_PCA128_SVM,42,RFMID,S000497,RFMID,NORMAL,NORMAL,1,0.001679257390377773,0.00668360573047699,0.9916371368791453
RETFOUND_MAE_CFP_FROZEN_PCA128_SVM,42,RFMID,S000498,RFMID,NORMAL,AMD_DRY,0,0.542101729584019,0.18515589390591908,0.2727423765100619
RETFOUND_MAE_CFP_FROZEN_PCA128_SVM,42,RFMID,S000499,RFMID,NORMAL,AMD_WET,0,0.12259747017880276,0.5009359301465576,0.37646659967463947
RETFOUND_MAE_CFP_FROZEN_PCA128_SVM,42,RFMID,S000500,RFMID,NORMAL,NORMAL,1,0.168037131588241,0.0692090031526155,0.7627538652591436
RETFOUND_MAE_CFP_FROZEN_PCA128_SVM,42,RFMID,S000501,RFMID,NORMAL,NORMAL,1,0.10554594639386837,0.018872598370672653,0.8755814552354589
RETFOUND_MAE_CFP_FROZEN_PCA128_SVM,42,RFMID,S000502,RFMID,NORMAL,NORMAL,1,0.05642849039704162,0.06664675447128274,0.8769247551316758
RETFOUND_MAE_CFP_FROZEN_PCA128_SVM,42,RFMID,S000503,RFMID,NORMAL,NORMAL,1,0.06608589834401826,0.03225395197638299,0.9016601496795987
RETFOUND_MAE_CFP_FROZEN_PCA128_SVM,42,RFMID,S000504,RFMID,NORMAL,NORMAL,1,0.18673697197535946,0.029059771353670934,0.7842032566709695
RETFOUND_MAE_CFP_FROZEN_PCA128_SVM,42,RFMID,S000505,RFMID,NORMAL,NORMAL,1,0.2998037151238076,0.013961499406245142,0.6862347854699472
RETFOUND_MAE_CFP_FROZEN_PCA128_SVM,42,RFMID,S000506,RFMID,NORMAL,NORMAL,1,0.11716338809878436,0.18281221479070875,0.7000243971105069
RETFOUND_MAE_CFP_FROZEN_PCA128_SVM,42,RFMID,S000507,RFMID,NORMAL,NORMAL,1,0.022079651512635252,0.006514510976259093,0.9714058375111055
RETFOUND_MAE_CFP_FROZEN_PCA128_SVM,42,RFMID,S000508,RFMID,NORMAL,NORMAL,1,0.1595449146482025,0.13190515262393546,0.7085499327278625
RETFOUND_MAE_CFP_FROZEN_PCA128_SVM,42,RFMID,S000509,RFMID,NORMAL,NORMAL,1,0.009688714035397155,0.00246789821927426,0.9878433877453285
RETFOUND_MAE_CFP_FROZEN_PCA128_SVM,42,RFMID,S000510,RFMID,NORMAL,AMD_DRY,0,0.4598508937069544,0.20412278410785142,0.33602632218519424
RETFOUND_MAE_CFP_FROZEN_PCA128_SVM,42,RFMID,S000511,RFMID,NORMAL,NORMAL,1,0.10402832293586092,0.1963239532747685,0.6996477237893707
RETFOUND_MAE_CFP_FROZEN_PCA128_SVM,42,RFMID,S000512,RFMID,NORMAL,NORMAL,1,0.18865859692540798,0.02780780734216284,0.7835335957324293
RETFOUND_MAE_CFP_FROZEN_PCA128_SVM,42,RFMID,S000513,RFMID,NORMAL,AMD_WET,0,0.32092779629182505,0.425396792098718,0.253675411609457
RETFOUND_MAE_CFP_FROZEN_PCA128_SVM,42,RFMID,S000514,RFMID,NORMAL,NORMAL,1,0.04158545436182427,0.03567199548300802,0.9227425501551678
RETFOUND_MAE_CFP_FROZEN_PCA128_SVM,42,RFMID,S000515,RFMID,NORMAL,NORMAL,1,0.17046742600441736,0.04985205147431899,0.7796805225212639
RETFOUND_MAE_CFP_FROZEN_PCA128_SVM,42,RFMID,S000516,RFMID,NORMAL,NORMAL,1,0.04105017254965997,0.07225256603148777,0.8866972614188526
RETFOUND_MAE_CFP_FROZEN_PCA128_SVM,42,RFMID,S000517,RFMID,NORMAL,NORMAL,1,0.3595739880756167,0.26651181997254264,0.37391419195184056
RETFOUND_MAE_CFP_FROZEN_PCA128_SVM,42,RFMID,S000518,RFMID,NORMAL,NORMAL,1,0.043060779269911656,0.004399864252559748,0.9525393564775287
RETFOUND_MAE_CFP_FROZEN_PCA128_SVM,42,RFMID,S000519,RFMID,NORMAL,AMD_DRY,0,0.7677312520873095,0.032616248347199776,0.19965249956549075
RETFOUND_MAE_CFP_FROZEN_PCA128_SVM,42,RFMID,S000520,RFMID,NORMAL,NORMAL,1,0.23406868284119867,0.12319124854629988,0.6427400686125011
RETFOUND_MAE_CFP_FROZEN_PCA128_SVM,42,RFMID,S000521,RFMID,NORMAL,NORMAL,1,0.12462902559124142,0.026356462997639708,0.849014511411119
RETFOUND_MAE_CFP_FROZEN_PCA128_SVM,42,RFMID,S000522,RFMID,NORMAL,NORMAL,1,0.2515450655873174,0.3101023672236621,0.4383525671890205
RETFOUND_MAE_CFP_FROZEN_PCA128_SVM,42,RFMID,S000523,RFMID,NORMAL,NORMAL,1,0.005620862338358944,0.00214593010604417,0.9922332075555967
RETFOUND_MAE_CFP_FROZEN_PCA128_SVM,42,RFMID,S000524,RFMID,NORMAL,NORMAL,1,0.031219616926557767,0.15044828897022516,0.8183320941032168
RETFOUND_MAE_CFP_FROZEN_PCA128_SVM,42,RFMID,S000525,RFMID,NORMAL,NORMAL,1,0.18795811890088712,0.02835835367397284,0.7836835274251401
RETFOUND_MAE_CFP_FROZEN_PCA128_SVM,42,RFMID,S000526,RFMID,NORMAL,AMD_WET,0,0.038405995258671145,0.5863737787548973,0.3752202259864315
RETFOUND_MAE_CFP_FROZEN_PCA128_SVM,42,RFMID,S000527,RFMID,NORMAL,NORMAL,1,0.2957522846303254,0.03177130229617135,0.6724764130735036
RETFOUND_MAE_CFP_FROZEN_PCA128_SVM,42,RFMID,S000528,RFMID,NORMAL,NORMAL,1,0.02754683902223738,0.09127640693446788,0.8811767540432945
RETFOUND_MAE_CFP_FROZEN_PCA128_SVM,42,RFMID,S000529,RFMID,NORMAL,NORMAL,1,0.1878804512759214,0.16703443160887282,0.6450851171152056
RETFOUND_MAE_CFP_FROZEN_PCA128_SVM,42,RFMID,S000530,RFMID,NORMAL,NORMAL,1,0.0838364593656917,0.15046606701456708,0.7656974736197414
RETFOUND_MAE_CFP_FROZEN_PCA128_SVM,42,RFMID,S000531,RFMID,NORMAL,NORMAL,1,0.07761090407745912,0.1766726588299062,0.7457164370926346
RETFOUND_MAE_CFP_FROZEN_PCA128_SVM,42,RFMID,S000532,RFMID,NORMAL,NORMAL,1,0.05539456959130994,0.014409488433180104,0.9301959419755097
RETFOUND_MAE_CFP_FROZEN_PCA128_SVM,42,RFMID,S000533,RFMID,NORMAL,NORMAL,1,0.027999763633850944,0.04446263792593567,0.9275375984402132
RETFOUND_MAE_CFP_FROZEN_PCA128_SVM,42,RFMID,S000534,RFMID,NORMAL,NORMAL,1,0.02515235044857538,0.036579968308279566,0.938267681243145
RETFOUND_MAE_CFP_FROZEN_PCA128_SVM,42,RFMID,S000535,RFMID,NORMAL,AMD_DRY,0,0.6211093016328731,0.023256843705821397,0.3556338546613054
RETFOUND_MAE_CFP_FROZEN_PCA128_SVM,42,RFMID,S000536,RFMID,AMD_DRY,AMD_DRY,1,0.8218373750868917,0.16516536609064478,0.012997258822463404
RETFOUND_MAE_CFP_FROZEN_PCA128_SVM,42,RFMID,S000537,RFMID,AMD_DRY,AMD_DRY,1,0.9131979819177317,0.07583138766266263,0.010970630419605767
RETFOUND_MAE_CFP_FROZEN_PCA128_SVM,42,RFMID,S000538,RFMID,AMD_DRY,AMD_WET,0,0.12720131778359237,0.8636732861790865,0.00912539603732142
RETFOUND_MAE_CFP_FROZEN_PCA128_SVM,42,RFMID,S000539,RFMID,AMD_DRY,AMD_DRY,1,0.5708692826333841,0.4240334678660344,0.005097249500581466
RETFOUND_MAE_CFP_FROZEN_PCA128_SVM,42,RFMID,S000540,RFMID,AMD_DRY,AMD_DRY,1,0.6773257100511463,0.30842511397988603,0.014249175968967801
RETFOUND_MAE_CFP_FROZEN_PCA128_SVM,42,RFMID,S000541,RFMID,AMD_DRY,AMD_WET,0,0.3159281892236301,0.6731899866058224,0.01088182417054755
RETFOUND_MAE_CFP_FROZEN_PCA128_SVM,42,RFMID,S000542,RFMID,AMD_DRY,AMD_WET,0,0.21411051739991446,0.7820540983230008,0.0038353842770847356
RETFOUND_MAE_CFP_FROZEN_PCA128_SVM,42,RFMID,S000543,RFMID,AMD_DRY,AMD_WET,0,0.4751976224640019,0.517970243203664,0.0068321343323337926
RETFOUND_MAE_CFP_FROZEN_PCA128_SVM,42,RFMID,S000544,RFMID,AMD_WET,AMD_WET,1,0.0844766101433572,0.8946005996610296,0.020922790195613283
RETFOUND_MAE_CFP_FROZEN_PCA128_SVM,42,RFMID,S000545,RFMID,AMD_WET,AMD_WET,1,0.49222244924166064,0.5060366461414654,0.0017409046168740355
RETFOUND_MAE_CFP_FROZEN_PCA128_SVM,42,RFMID,S000546,RFMID,AMD_WET,AMD_WET,1,0.08809125399930558,0.8926016657676397,0.019307080233054885
RETFOUND_MAE_CFP_FROZEN_PCA128_SVM,42,RFMID,S000547,RFMID,AMD_WET,AMD_DRY,0,0.5226640897242445,0.4589821746884345,0.01835373558732121
RETFOUND_MAE_CFP_FROZEN_PCA128_SVM,42,RFMID,S000548,RFMID,AMD_WET,AMD_WET,1,0.10592494983172422,0.871151943745931,0.02292310642234486
RETFOUND_MAE_CFP_FROZEN_PCA128_SVM,42,RFMID,S000549,RFMID,AMD_WET,AMD_WET,1,1.0267337432887188e-06,0.9995437909798661,0.0004551822863905992
RETFOUND_MAE_CFP_FROZEN_PCA128_SVM,42,RFMID,S000550,RFMID,AMD_WET,AMD_WET,1,0.003142072128273299,0.9960663571494697,0.0007915707222568543
RETFOUND_MAE_CFP_FROZEN_PCA128_SVM,42,RFMID,S000551,RFMID,AMD_WET,AMD_WET,1,5.373804890835983e-07,0.9999626767290599,3.678589045096536e-05
RETFOUND_MAE_CFP_FROZEN_PCA128_SVM,42,RFMID,S000552,RFMID,AMD_WET,AMD_WET,1,0.08148567381840403,0.9019898685180734,0.01652445766352262
RETFOUND_MAE_CFP_FROZEN_PCA128_SVM,42,RFMID,S000553,RFMID,AMD_WET,AMD_WET,1,0.08411618754697414,0.8926959801891924,0.023187832263833655
RETFOUND_MAE_CFP_FROZEN_PCA128_SVM,42,RFMID,S000554,RFMID,AMD_WET,AMD_WET,1,0.013098272878812321,0.9826886114965462,0.004213115624641618
RETFOUND_MAE_CFP_FROZEN_PCA128_SVM,42,RFMID,S000555,RFMID,AMD_WET,AMD_WET,1,0.010026071790021887,0.9881062760506242,0.0018676521593541454
RETFOUND_MAE_CFP_FROZEN_PCA128_SVM,42,RFMID,S000556,RFMID,AMD_WET,AMD_WET,1,0.006469720217450591,0.9911622413304445,0.0023680384521048837
RETFOUND_MAE_CFP_FROZEN_PCA128_SVM,42,RFMID,S000557,RFMID,AMD_WET,AMD_WET,1,1.2470034450690735e-07,0.999916399829033,8.347547062243654e-05
RETFOUND_MAE_CFP_FROZEN_PCA128_SVM,42,RFMID,S000558,RFMID,AMD_WET,AMD_WET,1,0.0032687598124236674,0.9952680191529306,0.00146322103464586
RETFOUND_MAE_CFP_FROZEN_PCA128_SVM,42,RFMID,S000559,RFMID,AMD_WET,AMD_WET,1,0.0324854125139122,0.9631409877256395,0.004373599760448303
RETFOUND_MAE_CFP_FROZEN_PCA128_SVM,42,RFMID,S000560,RFMID,AMD_WET,AMD_WET,1,0.06864166212217318,0.9280261027954679,0.003332235082358883
RETFOUND_MAE_CFP_FROZEN_PCA128_SVM,42,RFMID,S000561,RFMID,AMD_WET,AMD_WET,1,0.0061795904797660815,0.9916689323139992,0.0021514772062345266
RETFOUND_MAE_CFP_FROZEN_PCA128_SVM,42,RFMID,S000562,RFMID,AMD_WET,AMD_WET,1,0.08985547575563496,0.9088641295714216,0.0012803946729434963
RETFOUND_MAE_CFP_FROZEN_PCA128_SVM,42,RFMID,S000563,RFMID,AMD_WET,AMD_WET,1,0.008153809018897238,0.9905062433033114,0.001339947677791386
RETFOUND_MAE_CFP_FROZEN_PCA128_SVM,42,RFMID,S000564,RFMID,AMD_WET,AMD_WET,1,0.05576837116334479,0.9428741018895267,0.001357526947128539
RETFOUND_MAE_CFP_FROZEN_PCA128_SVM,42,RFMID,S000565,RFMID,AMD_WET,AMD_WET,1,0.008216600796984044,0.9917180955556031,6.530364741268055e-05
RETFOUND_MAE_CFP_FROZEN_PCA128_SVM,42,RFMID,S000566,RFMID,AMD_WET,AMD_WET,1,2.7143659913137014e-06,0.9995651427346094,0.00043214289939936217
RETFOUND_MAE_CFP_FROZEN_PCA128_SVM,42,RFMID,S000567,RFMID,AMD_WET,AMD_WET,1,0.025079058597249612,0.9697414021388395,0.005179539263910745
RETFOUND_MAE_CFP_FROZEN_PCA128_SVM,42,RFMID,S000568,RFMID,AMD_WET,AMD_WET,1,0.3086092596655529,0.6836257988114011,0.007764941523045844
RETFOUND_MAE_CFP_FROZEN_PCA128_SVM,42,RFMID,S000569,RFMID,AMD_WET,AMD_WET,1,0.005178811260419907,0.9939101433906543,0.0009110453489257217
RETFOUND_MAE_CFP_FROZEN_PCA128_SVM,42,RFMID,S000570,RFMID,AMD_WET,AMD_WET,1,0.005502136755138957,0.9943997365974729,9.812664738808784e-05
RETFOUND_MAE_CFP_FROZEN_PCA128_SVM,42,RFMID,S000571,RFMID,AMD_WET,AMD_WET,1,0.02240105827783736,0.9732447497336671,0.004354191988495552
RETFOUND_MAE_CFP_FROZEN_PCA128_SVM,42,RFMID,S000572,RFMID,AMD_WET,AMD_WET,1,0.03170912434802767,0.9653661442578165,0.002924731394156058
RETFOUND_MAE_CFP_FROZEN_PCA128_SVM,42,RFMID,S000573,RFMID,AMD_WET,AMD_WET,1,0.43149532495961457,0.5469275901301858,0.021577084910199773
RETFOUND_MAE_CFP_FROZEN_PCA128_SVM,42,RFMID,S000574,RFMID,AMD_WET,AMD_WET,1,0.021577259516922666,0.9754007237865295,0.0030220166965477897
RETFOUND_MAE_CFP_FROZEN_PCA128_SVM,42,RFMID,S000575,RFMID,AMD_WET,AMD_WET,1,0.02415054217755067,0.9717867989742073,0.004062658848241959
RETFOUND_MAE_CFP_FROZEN_PCA128_SVM,42,RFMID,S000576,RFMID,AMD_WET,AMD_WET,1,0.004236913276767183,0.9944309868467922,0.0013320998764408088
RETFOUND_MAE_CFP_FROZEN_PCA128_SVM,42,RFMID,S000577,RFMID,AMD_WET,AMD_WET,1,0.006242736925525765,0.992356928205448,0.0014003348690263381
RETFOUND_MAE_CFP_FROZEN_PCA128_SVM,42,RFMID,S000578,RFMID,AMD_WET,AMD_WET,1,0.1021198152788859,0.896572445240603,0.001307739480511043
RETFOUND_MAE_CFP_FROZEN_PCA128_SVM,42,RFMID,S000579,RFMID,AMD_WET,AMD_WET,1,0.015496690057661865,0.9799104583848876,0.004592851557450724
RETFOUND_MAE_CFP_FROZEN_PCA128_SVM,42,RFMID,S000580,RFMID,AMD_WET,AMD_WET,1,0.0027889091177690636,0.9950246289093181,0.0021864619729128508
RETFOUND_MAE_CFP_FROZEN_PCA128_SVM,42,RFMID,S000581,RFMID,AMD_WET,AMD_WET,1,0.02534298638732586,0.97164488952737,0.003012124085303974
RETFOUND_MAE_CFP_FROZEN_PCA128_SVM,42,RFMID,S000582,RFMID,AMD_WET,AMD_WET,1,0.07009283185840384,0.9156437850505627,0.014263383091033381
RETFOUND_MAE_CFP_FROZEN_PCA128_SVM,42,RFMID,S000583,RFMID,AMD_WET,AMD_WET,1,0.06499236317767505,0.9232266639578549,0.011780972864469805
RETFOUND_MAE_CFP_FROZEN_PCA128_SVM,42,RFMID,S000584,RFMID,AMD_WET,AMD_WET,1,0.0038707722643670024,0.995218939772585,0.0009102879630479454
RETFOUND_MAE_CFP_FROZEN_PCA128_SVM,42,RFMID,S000585,RFMID,AMD_WET,AMD_WET,1,0.017762868173486476,0.9821739900884254,6.314173808816955e-05
RETFOUND_MAE_CFP_FROZEN_PCA128_SVM,42,RFMID,S000586,RFMID,AMD_WET,AMD_WET,1,0.06702717453207982,0.9252556938527791,0.007717131615140847
RETFOUND_MAE_CFP_FROZEN_PCA128_SVM,42,RFMID,S000587,RFMID,AMD_WET,AMD_WET,1,0.03650312060200929,0.9613268187235762,0.0021700606744145252
RETFOUND_MAE_CFP_FROZEN_PCA128_SVM,42,RFMID,S000588,RFMID,AMD_WET,AMD_DRY,0,0.5945492685057235,0.3829735632339686,0.022477168260307788
RETFOUND_MAE_CFP_FROZEN_PCA128_SVM,42,RFMID,S000589,RFMID,AMD_WET,AMD_WET,1,0.3021410224320662,0.6922729721831307,0.005586005384803304
RETFOUND_MAE_CFP_FROZEN_PCA128_SVM,42,RFMID,S000590,RFMID,AMD_WET,AMD_WET,1,0.05423576993038536,0.935490513460189,0.010273716609425465
RETFOUND_MAE_CFP_FROZEN_PCA128_SVM,42,RFMID,S000591,RFMID,AMD_WET,AMD_WET,1,0.0025775556496999037,0.9965898542027016,0.0008325901475983886
RETFOUND_MAE_CFP_FROZEN_PCA128_SVM,42,RFMID,S000592,RFMID,AMD_WET,AMD_WET,1,0.06227852509906516,0.9298849827399862,0.007836492160948718
RETFOUND_MAE_CFP_FROZEN_PCA128_SVM,42,RFMID,S000593,RFMID,AMD_WET,AMD_WET,1,1.2843403258130286e-07,0.9999074981824707,9.23733834966599e-05
RETFOUND_MAE_CFP_FROZEN_PCA128_SVM,42,RFMID,S000594,RFMID,AMD_WET,AMD_WET,1,0.054334759839519985,0.9423304742077246,0.0033347659527553073
RETFOUND_MAE_CFP_FROZEN_PCA128_SVM,42,RFMID,S000595,RFMID,AMD_WET,AMD_WET,1,0.04133028904597832,0.9577691510054931,0.0009005599485289912
RETFOUND_MAE_CFP_FROZEN_PCA128_SVM,42,RFMID,S000596,RFMID,AMD_WET,AMD_WET,1,0.024887566264818348,0.974688703882676,0.0004237298525055213
RETFOUND_MAE_CFP_FROZEN_PCA128_SVM,42,RFMID,S000597,RFMID,AMD_WET,AMD_WET,1,0.34552449617963554,0.6487459320055393,0.005729571814824991
RETFOUND_MAE_CFP_FROZEN_PCA128_SVM,123,ADAM,S000001,ADAM,AMD_DRY,AMD_DRY,1,0.9292033722886781,0.06266285525676056,0.008133772454561254
RETFOUND_MAE_CFP_FROZEN_PCA128_SVM,123,ADAM,S000002,ADAM,AMD_DRY,NORMAL,0,0.012263511600415116,0.0027116485318762593,0.9850248398677087
RETFOUND_MAE_CFP_FROZEN_PCA128_SVM,123,ADAM,S000003,ADAM,AMD_DRY,AMD_DRY,1,0.7748886680352098,0.01621218561972072,0.2088991463450695
RETFOUND_MAE_CFP_FROZEN_PCA128_SVM,123,ADAM,S000004,ADAM,AMD_DRY,AMD_DRY,1,0.912383807059362,0.0038975742284743033,0.08371861871216392
RETFOUND_MAE_CFP_FROZEN_PCA128_SVM,123,ADAM,S000005,ADAM,AMD_DRY,NORMAL,0,0.004485515362789737,0.0012873384484305556,0.9942271461887799
RETFOUND_MAE_CFP_FROZEN_PCA128_SVM,123,ADAM,S000006,ADAM,AMD_DRY,AMD_DRY,1,0.9789860117292871,0.02090735944499538,0.00010662882571741427
RETFOUND_MAE_CFP_FROZEN_PCA128_SVM,123,ADAM,S000007,ADAM,AMD_DRY,AMD_DRY,1,0.9983818108523212,0.0014573058702387627,0.0001608832774400192
RETFOUND_MAE_CFP_FROZEN_PCA128_SVM,123,ADAM,S000008,ADAM,AMD_DRY,AMD_DRY,1,0.8294637109269116,0.14879802061222933,0.02173826846085911
RETFOUND_MAE_CFP_FROZEN_PCA128_SVM,123,ADAM,S000009,ADAM,AMD_DRY,AMD_DRY,1,0.8471301215120465,0.14485394756811315,0.008015930919840297
RETFOUND_MAE_CFP_FROZEN_PCA128_SVM,123,ADAM,S000010,ADAM,AMD_DRY,AMD_DRY,1,0.7931152485852967,0.16592777086542462,0.0409569805492788
RETFOUND_MAE_CFP_FROZEN_PCA128_SVM,123,ADAM,S000011,ADAM,AMD_DRY,AMD_DRY,1,0.8188334886359476,0.025974771866943625,0.15519173949710888
RETFOUND_MAE_CFP_FROZEN_PCA128_SVM,123,ADAM,S000012,ADAM,AMD_DRY,AMD_DRY,1,0.7591254276411681,0.1914430531540177,0.04943151920481425
RETFOUND_MAE_CFP_FROZEN_PCA128_SVM,123,ADAM,S000013,ADAM,AMD_DRY,AMD_DRY,1,0.9783047880665124,0.01990568736185195,0.0017895245716356856
RETFOUND_MAE_CFP_FROZEN_PCA128_SVM,123,ADAM,S000014,ADAM,AMD_DRY,NORMAL,0,0.004664271447693102,0.0006790816660436483,0.9946566468862633
RETFOUND_MAE_CFP_FROZEN_PCA128_SVM,123,ADAM,S000015,ADAM,AMD_DRY,AMD_DRY,1,0.9914911466091696,0.008352660588139547,0.00015619280269079026
RETFOUND_MAE_CFP_FROZEN_PCA128_SVM,123,ADAM,S000016,ADAM,AMD_DRY,AMD_DRY,1,0.5626552118614774,0.09690505768473014,0.3404397304537923
RETFOUND_MAE_CFP_FROZEN_PCA128_SVM,123,ADAM,S000017,ADAM,AMD_DRY,AMD_WET,0,0.41176339969139336,0.5029996795320534,0.08523692077655348
RETFOUND_MAE_CFP_FROZEN_PCA128_SVM,123,ADAM,S000018,ADAM,AMD_DRY,AMD_WET,0,0.28374006644980276,0.3788111615918693,0.33744877195832795
RETFOUND_MAE_CFP_FROZEN_PCA128_SVM,123,ADAM,S000019,ADAM,AMD_DRY,AMD_DRY,1,0.5353369313576612,0.034174850168047485,0.43048821847429125
RETFOUND_MAE_CFP_FROZEN_PCA128_SVM,123,ADAM,S000020,ADAM,AMD_DRY,AMD_DRY,1,0.7610854378221089,0.06390730813622539,0.17500725404166576
RETFOUND_MAE_CFP_FROZEN_PCA128_SVM,123,ADAM,S000021,ADAM,AMD_DRY,NORMAL,0,0.10320269244084052,0.009042776791607301,0.8877545307675522
RETFOUND_MAE_CFP_FROZEN_PCA128_SVM,123,ADAM,S000022,ADAM,AMD_DRY,NORMAL,0,0.44656492967809536,0.06685376599664745,0.4865813043252572
RETFOUND_MAE_CFP_FROZEN_PCA128_SVM,123,ADAM,S000023,ADAM,AMD_DRY,AMD_WET,0,0.23852778408763542,0.7603141246230196,0.001158091289344498
RETFOUND_MAE_CFP_FROZEN_PCA128_SVM,123,ADAM,S000024,ADAM,AMD_DRY,AMD_DRY,1,0.42882303328213467,0.26700630221284594,0.30417066450501945
RETFOUND_MAE_CFP_FROZEN_PCA128_SVM,123,ADAM,S000025,ADAM,AMD_DRY,NORMAL,0,0.1479190761712959,0.09023232552126621,0.7618485983074381
RETFOUND_MAE_CFP_FROZEN_PCA128_SVM,123,ADAM,S000026,ADAM,AMD_DRY,AMD_DRY,1,0.9978263905418492,0.0011837226106409283,0.0009898868475098931
RETFOUND_MAE_CFP_FROZEN_PCA128_SVM,123,ADAM,S000027,ADAM,AMD_DRY,NORMAL,0,0.25334002218834717,0.006139710681077827,0.7405202671305751
RETFOUND_MAE_CFP_FROZEN_PCA128_SVM,123,ADAM,S000028,ADAM,AMD_DRY,NORMAL,0,0.014456799159537147,0.0025570111884399695,0.9829861896520228
RETFOUND_MAE_CFP_FROZEN_PCA128_SVM,123,ADAM,S000029,ADAM,AMD_DRY,NORMAL,0,0.11216637177159176,0.0016566128255604835,0.8861770154028479
RETFOUND_MAE_CFP_FROZEN_PCA128_SVM,123,ADAM,S000030,ADAM,AMD_DRY,NORMAL,0,0.0021147408358006548,0.0006986921971891781,0.9971865669670101
RETFOUND_MAE_CFP_FROZEN_PCA128_SVM,123,ADAM,S000031,ADAM,AMD_DRY,AMD_DRY,1,0.5068791559649461,0.001778746631382372,0.49134209740367124
RETFOUND_MAE_CFP_FROZEN_PCA128_SVM,123,ADAM,S000032,ADAM,AMD_DRY,AMD_DRY,1,0.9782463711111054,0.015663533733201337,0.006090095155693481
RETFOUND_MAE_CFP_FROZEN_PCA128_SVM,123,ADAM,S000033,ADAM,AMD_DRY,AMD_DRY,1,0.7383973319633461,0.0244115699797281,0.23719109805692573
RETFOUND_MAE_CFP_FROZEN_PCA128_SVM,123,ADAM,S000034,ADAM,AMD_DRY,AMD_DRY,1,0.6569042544662129,0.3066630371021005,0.036432708431686556
RETFOUND_MAE_CFP_FROZEN_PCA128_SVM,123,ADAM,S000035,ADAM,AMD_DRY,AMD_DRY,1,0.9353814091795664,0.06349881846377173,0.0011197723566618008
RETFOUND_MAE_CFP_FROZEN_PCA128_SVM,123,ADAM,S000036,ADAM,AMD_WET,AMD_DRY,0,0.8862738084150682,0.06335158377419615,0.050374607810735765
RETFOUND_MAE_CFP_FROZEN_PCA128_SVM,123,ADAM,S000037,ADAM,AMD_WET,AMD_DRY,0,0.8852432227133892,0.11445605048553255,0.0003007268010784241
RETFOUND_MAE_CFP_FROZEN_PCA128_SVM,123,ADAM,S000038,ADAM,AMD_WET,AMD_WET,1,0.14476055448253589,0.8548794878117508,0.00035995770571333407
RETFOUND_MAE_CFP_FROZEN_PCA128_SVM,123,ADAM,S000039,ADAM,AMD_WET,AMD_WET,1,2.3937417090162622e-06,0.9995152989167606,0.0004823073415303756
RETFOUND_MAE_CFP_FROZEN_PCA128_SVM,123,ADAM,S000040,ADAM,AMD_WET,AMD_WET,1,0.019942657670331883,0.9797078636532257,0.00034947867644247703
RETFOUND_MAE_CFP_FROZEN_PCA128_SVM,123,ADAM,S000041,ADAM,AMD_WET,AMD_WET,1,2.6400921771416737e-07,0.9997421937808197,0.00025754220996244335
RETFOUND_MAE_CFP_FROZEN_PCA128_SVM,123,ADAM,S000042,ADAM,AMD_WET,AMD_DRY,0,0.9597007730971894,0.04002844609584643,0.0002707808069643762
RETFOUND_MAE_CFP_FROZEN_PCA128_SVM,123,ADAM,S000043,ADAM,AMD_WET,AMD_WET,1,2.9035122227310596e-07,0.9997280304106898,0.00027167923808789655
RETFOUND_MAE_CFP_FROZEN_PCA128_SVM,123,ADAM,S000044,ADAM,AMD_WET,AMD_DRY,0,0.9890233993143669,0.010730767617685323,0.0002458330679478117
RETFOUND_MAE_CFP_FROZEN_PCA128_SVM,123,ADAM,S000045,ADAM,AMD_WET,AMD_DRY,0,0.8111989045335285,0.18755691674828945,0.0012441787181820235
RETFOUND_MAE_CFP_FROZEN_PCA128_SVM,123,ADAM,S000046,ADAM,AMD_WET,AMD_WET,1,1.281369165940919e-06,0.9999919231750636,6.795455770519237e-06
RETFOUND_MAE_CFP_FROZEN_PCA128_SVM,123,ADAM,S000047,ADAM,AMD_WET,AMD_WET,1,0.3739867335175379,0.42963153155116,0.19638173493130198
RETFOUND_MAE_CFP_FROZEN_PCA128_SVM,123,ADAM,S000048,ADAM,AMD_WET,AMD_WET,1,0.033096948563282685,0.9663621546471796,0.0005408967895378514
RETFOUND_MAE_CFP_FROZEN_PCA128_SVM,123,ADAM,S000049,ADAM,AMD_WET,NORMAL,0,0.0114249442552214,0.0020465963022884095,0.9865284594424902
RETFOUND_MAE_CFP_FROZEN_PCA128_SVM,123,ADAM,S000050,ADAM,AMD_WET,AMD_DRY,0,0.8682918669723586,0.13165203036663467,5.610266100685689e-05
RETFOUND_MAE_CFP_FROZEN_PCA128_SVM,123,ADAM,S000051,ADAM,AMD_WET,AMD_WET,1,0.0056625169367001855,0.9937812117051065,0.0005562713581932779
RETFOUND_MAE_CFP_FROZEN_PCA128_SVM,123,ADAM,S000052,ADAM,AMD_WET,AMD_WET,1,0.01782154767461271,0.9778595851157343,0.0043188672096529735
RETFOUND_MAE_CFP_FROZEN_PCA128_SVM,123,FIVES,S000053,FIVES,NORMAL,NORMAL,1,0.01080506598311455,0.00328107858967061,0.9859138554272145
RETFOUND_MAE_CFP_FROZEN_PCA128_SVM,123,FIVES,S000054,FIVES,NORMAL,NORMAL,1,0.007683887580657796,0.0017311979999370631,0.990584914419405
RETFOUND_MAE_CFP_FROZEN_PCA128_SVM,123,FIVES,S000055,FIVES,NORMAL,NORMAL,1,0.10554259269703517,0.05390866387103181,0.840548743431933
RETFOUND_MAE_CFP_FROZEN_PCA128_SVM,123,FIVES,S000056,FIVES,NORMAL,NORMAL,1,0.13843604986973354,0.04053786291726543,0.821026087213001
RETFOUND_MAE_CFP_FROZEN_PCA128_SVM,123,FIVES,S000057,FIVES,NORMAL,NORMAL,1,0.004213426458469117,0.007396532652755618,0.9883900408887751
RETFOUND_MAE_CFP_FROZEN_PCA128_SVM,123,FIVES,S000058,FIVES,NORMAL,NORMAL,1,0.04221931719428915,0.04962478914056335,0.9081558936651474
RETFOUND_MAE_CFP_FROZEN_PCA128_SVM,123,FIVES,S000059,FIVES,NORMAL,NORMAL,1,0.009484355689843271,0.004387777144078555,0.9861278671660784
RETFOUND_MAE_CFP_FROZEN_PCA128_SVM,123,FIVES,S000060,FIVES,NORMAL,NORMAL,1,0.002983418921447119,0.008593199479731053,0.9884233815988218
RETFOUND_MAE_CFP_FROZEN_PCA128_SVM,123,FIVES,S000061,FIVES,NORMAL,NORMAL,1,0.013617489841461869,0.010637715066734409,0.9757447950918038
RETFOUND_MAE_CFP_FROZEN_PCA128_SVM,123,FIVES,S000062,FIVES,NORMAL,NORMAL,1,0.1978291359931178,0.017131965266989933,0.7850388987398923
RETFOUND_MAE_CFP_FROZEN_PCA128_SVM,123,FIVES,S000063,FIVES,NORMAL,NORMAL,1,0.017841640528995083,0.00165061216550834,0.9805077473054965
RETFOUND_MAE_CFP_FROZEN_PCA128_SVM,123,FIVES,S000064,FIVES,NORMAL,NORMAL,1,0.010103244895287208,0.0017668148399498343,0.9881299402647629
RETFOUND_MAE_CFP_FROZEN_PCA128_SVM,123,FIVES,S000065,FIVES,NORMAL,NORMAL,1,0.03438540303068243,0.006204388399419162,0.9594102085698982
RETFOUND_MAE_CFP_FROZEN_PCA128_SVM,123,FIVES,S000066,FIVES,NORMAL,NORMAL,1,0.023763214702409077,0.0017010697378044132,0.9745357155597866
RETFOUND_MAE_CFP_FROZEN_PCA128_SVM,123,FIVES,S000067,FIVES,NORMAL,NORMAL,1,0.008497363357510904,0.0027621186344851285,0.988740518008004
RETFOUND_MAE_CFP_FROZEN_PCA128_SVM,123,FIVES,S000068,FIVES,NORMAL,NORMAL,1,0.1174746526441029,0.016670698467724083,0.8658546488881732
RETFOUND_MAE_CFP_FROZEN_PCA128_SVM,123,FIVES,S000069,FIVES,NORMAL,NORMAL,1,2.564722064191929e-06,1.3850527054513821e-06,0.9999960502252304
RETFOUND_MAE_CFP_FROZEN_PCA128_SVM,123,FIVES,S000070,FIVES,NORMAL,NORMAL,1,0.08075120658037159,0.007540333380829206,0.9117084600387992
RETFOUND_MAE_CFP_FROZEN_PCA128_SVM,123,FIVES,S000071,FIVES,NORMAL,NORMAL,1,0.1044891667751582,0.0265125781670766,0.8689982550577651
RETFOUND_MAE_CFP_FROZEN_PCA128_SVM,123,FIVES,S000072,FIVES,NORMAL,NORMAL,1,0.3027533060040911,0.0642142941457765,0.6330323998501323
RETFOUND_MAE_CFP_FROZEN_PCA128_SVM,123,FIVES,S000073,FIVES,NORMAL,NORMAL,1,0.08495495598005551,0.005622017589425926,0.9094230264305184
RETFOUND_MAE_CFP_FROZEN_PCA128_SVM,123,FIVES,S000074,FIVES,NORMAL,NORMAL,1,0.007316077229915294,0.006667152738859536,0.9860167700312253
RETFOUND_MAE_CFP_FROZEN_PCA128_SVM,123,FIVES,S000075,FIVES,NORMAL,NORMAL,1,0.00109990067104625,0.0016170231228789214,0.9972830762060748
RETFOUND_MAE_CFP_FROZEN_PCA128_SVM,123,FIVES,S000076,FIVES,NORMAL,NORMAL,1,0.2329619659562876,0.009994341302246992,0.7570436927414653
RETFOUND_MAE_CFP_FROZEN_PCA128_SVM,123,FIVES,S000077,FIVES,NORMAL,NORMAL,1,0.12865287663966216,0.010712784700417364,0.8606343386599205
RETFOUND_MAE_CFP_FROZEN_PCA128_SVM,123,FIVES,S000078,FIVES,NORMAL,NORMAL,1,0.07798709057309165,0.025908919874883703,0.8961039895520246
RETFOUND_MAE_CFP_FROZEN_PCA128_SVM,123,FIVES,S000079,FIVES,NORMAL,NORMAL,1,0.014838435419291965,0.027112017675829814,0.9580495469048782
RETFOUND_MAE_CFP_FROZEN_PCA128_SVM,123,FIVES,S000080,FIVES,NORMAL,NORMAL,1,0.021352412358323383,0.002378390156282336,0.9762691974853942
RETFOUND_MAE_CFP_FROZEN_PCA128_SVM,123,FIVES,S000081,FIVES,NORMAL,NORMAL,1,0.0038575367700649215,0.0007504038549913623,0.9953920593749438
RETFOUND_MAE_CFP_FROZEN_PCA128_SVM,123,FIVES,S000082,FIVES,NORMAL,NORMAL,1,0.03033764414361413,0.0033281370887660723,0.9663342187676197
RETFOUND_MAE_CFP_FROZEN_PCA128_SVM,123,FIVES,S000083,FIVES,NORMAL,NORMAL,1,0.012790385226840425,0.008787138782848628,0.9784224759903111
RETFOUND_MAE_CFP_FROZEN_PCA128_SVM,123,FIVES,S000084,FIVES,NORMAL,NORMAL,1,0.013803639128094467,0.004642892618884538,0.9815534682530208
RETFOUND_MAE_CFP_FROZEN_PCA128_SVM,123,FIVES,S000085,FIVES,NORMAL,NORMAL,1,0.030319624283188473,0.0047825503480656015,0.964897825368746
RETFOUND_MAE_CFP_FROZEN_PCA128_SVM,123,FIVES,S000086,FIVES,NORMAL,NORMAL,1,0.2977131706593721,0.09130045129902642,0.6109863780416016
RETFOUND_MAE_CFP_FROZEN_PCA128_SVM,123,FIVES,S000087,FIVES,NORMAL,NORMAL,1,0.005964664964079461,0.0012808928063945191,0.9927544422295262
RETFOUND_MAE_CFP_FROZEN_PCA128_SVM,123,FIVES,S000088,FIVES,NORMAL,NORMAL,1,0.2674191126208259,0.0030857997415011254,0.729495087637673
RETFOUND_MAE_CFP_FROZEN_PCA128_SVM,123,FIVES,S000089,FIVES,NORMAL,NORMAL,1,0.13353061538337635,0.0022658980381934065,0.8642034865784303
RETFOUND_MAE_CFP_FROZEN_PCA128_SVM,123,FIVES,S000090,FIVES,NORMAL,NORMAL,1,0.01715087375112466,0.007278830659834866,0.9755702955890406
RETFOUND_MAE_CFP_FROZEN_PCA128_SVM,123,FIVES,S000091,FIVES,NORMAL,NORMAL,1,0.020705947754048444,0.003948016299873108,0.9753460359460786
RETFOUND_MAE_CFP_FROZEN_PCA128_SVM,123,FIVES,S000092,FIVES,NORMAL,NORMAL,1,0.06314578327557854,0.015038107345419107,0.9218161093790024
RETFOUND_MAE_CFP_FROZEN_PCA128_SVM,123,FIVES,S000093,FIVES,NORMAL,NORMAL,1,0.01953109287011223,0.0029343803591351763,0.9775345267707526
RETFOUND_MAE_CFP_FROZEN_PCA128_SVM,123,FIVES,S000094,FIVES,NORMAL,NORMAL,1,0.007301984754956847,0.0031969947653673735,0.9895010204796757
RETFOUND_MAE_CFP_FROZEN_PCA128_SVM,123,FIVES,S000095,FIVES,NORMAL,NORMAL,1,0.010301713929729032,0.012970824498072013,0.9767274615721989
RETFOUND_MAE_CFP_FROZEN_PCA128_SVM,123,FIVES,S000096,FIVES,NORMAL,AMD_DRY,0,0.5246102435028411,0.026384526361909022,0.44900523013524973
RETFOUND_MAE_CFP_FROZEN_PCA128_SVM,123,FIVES,S000097,FIVES,NORMAL,NORMAL,1,0.13284490252131786,0.03004479603153824,0.8371103014471439
RETFOUND_MAE_CFP_FROZEN_PCA128_SVM,123,FIVES,S000098,FIVES,NORMAL,NORMAL,1,0.07132860016483816,0.012566148265922046,0.9161052515692398
RETFOUND_MAE_CFP_FROZEN_PCA128_SVM,123,FIVES,S000099,FIVES,NORMAL,NORMAL,1,0.3502113202072084,0.04908914884459642,0.6006995309481952
RETFOUND_MAE_CFP_FROZEN_PCA128_SVM,123,FIVES,S000100,FIVES,NORMAL,AMD_DRY,0,0.5121331799186989,0.039800840768672144,0.44806597931262887
RETFOUND_MAE_CFP_FROZEN_PCA128_SVM,123,FIVES,S000101,FIVES,NORMAL,NORMAL,1,0.12828040600565205,0.008972789215235972,0.8627468047791118
RETFOUND_MAE_CFP_FROZEN_PCA128_SVM,123,FIVES,S000102,FIVES,NORMAL,NORMAL,1,0.01875959023405414,0.004891626320874739,0.9763487834450713
RETFOUND_MAE_CFP_FROZEN_PCA128_SVM,123,FIVES,S000103,FIVES,NORMAL,NORMAL,1,0.018048973944456443,0.0027865515434405096,0.979164474512103
RETFOUND_MAE_CFP_FROZEN_PCA128_SVM,123,FIVES,S000104,FIVES,NORMAL,NORMAL,1,0.006928492430191664,0.0027706151090011776,0.9903008924608071
RETFOUND_MAE_CFP_FROZEN_PCA128_SVM,123,FIVES,S000105,FIVES,NORMAL,NORMAL,1,0.006416788291031131,0.011200700394791662,0.9823825113141772
RETFOUND_MAE_CFP_FROZEN_PCA128_SVM,123,FIVES,S000106,FIVES,NORMAL,NORMAL,1,0.015048095345618772,0.009879658196127062,0.9750722464582541
RETFOUND_MAE_CFP_FROZEN_PCA128_SVM,123,FIVES,S000107,FIVES,NORMAL,NORMAL,1,0.020458021813791135,0.019119511260708443,0.9604224669255007
RETFOUND_MAE_CFP_FROZEN_PCA128_SVM,123,FIVES,S000108,FIVES,NORMAL,NORMAL,1,0.009252036854438548,0.006430984778691025,0.9843169783668705
RETFOUND_MAE_CFP_FROZEN_PCA128_SVM,123,FIVES,S000109,FIVES,NORMAL,NORMAL,1,0.0061173168454761485,0.008570290802036671,0.9853123923524872
RETFOUND_MAE_CFP_FROZEN_PCA128_SVM,123,FIVES,S000110,FIVES,NORMAL,NORMAL,1,0.20214757382092283,0.019857259953709593,0.7779951662253676
RETFOUND_MAE_CFP_FROZEN_PCA128_SVM,123,FIVES,S000111,FIVES,NORMAL,NORMAL,1,0.2244765137052486,0.03366105198756693,0.7418624343071848
RETFOUND_MAE_CFP_FROZEN_PCA128_SVM,123,FIVES,S000112,FIVES,NORMAL,NORMAL,1,0.14440924941214345,0.02681850609134797,0.8287722444965087
RETFOUND_MAE_CFP_FROZEN_PCA128_SVM,123,FIVES,S000113,FIVES,NORMAL,NORMAL,1,0.06001016482323467,0.043366376335821855,0.8966234588409433
RETFOUND_MAE_CFP_FROZEN_PCA128_SVM,123,FIVES,S000114,FIVES,NORMAL,NORMAL,1,0.011935819791847203,0.012308288931918484,0.9757558912762344
RETFOUND_MAE_CFP_FROZEN_PCA128_SVM,123,FIVES,S000115,FIVES,NORMAL,NORMAL,1,0.015343595667597089,0.01707828885075373,0.9675781154816492
RETFOUND_MAE_CFP_FROZEN_PCA128_SVM,123,FIVES,S000116,FIVES,NORMAL,NORMAL,1,0.13658487408801864,0.0144321033589443,0.8489830225530369
RETFOUND_MAE_CFP_FROZEN_PCA128_SVM,123,FIVES,S000117,FIVES,NORMAL,NORMAL,1,0.282251348371137,0.009630300774063209,0.7081183508547998
RETFOUND_MAE_CFP_FROZEN_PCA128_SVM,123,FIVES,S000118,FIVES,NORMAL,NORMAL,1,0.030647491475077008,0.02023709166900467,0.9491154168559183
RETFOUND_MAE_CFP_FROZEN_PCA128_SVM,123,FIVES,S000119,FIVES,NORMAL,NORMAL,1,0.05613047506774064,0.011989116669561328,0.9318804082626979
RETFOUND_MAE_CFP_FROZEN_PCA128_SVM,123,FIVES,S000120,FIVES,NORMAL,NORMAL,1,0.00752585868273951,0.0011948792524173796,0.9912792620648431
RETFOUND_MAE_CFP_FROZEN_PCA128_SVM,123,FIVES,S000121,FIVES,NORMAL,NORMAL,1,0.014916616979596238,0.0030017395770879267,0.982081643443316
RETFOUND_MAE_CFP_FROZEN_PCA128_SVM,123,FIVES,S000122,FIVES,NORMAL,NORMAL,1,0.0035300724800705493,0.0014137385972185427,0.995056188922711
RETFOUND_MAE_CFP_FROZEN_PCA128_SVM,123,FIVES,S000123,FIVES,NORMAL,NORMAL,1,0.006779597300317422,0.0015951758865012688,0.9916252268131812
RETFOUND_MAE_CFP_FROZEN_PCA128_SVM,123,FIVES,S000124,FIVES,NORMAL,NORMAL,1,0.002614659433803588,0.008272470200158526,0.989112870366038
RETFOUND_MAE_CFP_FROZEN_PCA128_SVM,123,FIVES,S000125,FIVES,NORMAL,NORMAL,1,0.0008888961713382918,0.002767699366208184,0.9963434044624536
RETFOUND_MAE_CFP_FROZEN_PCA128_SVM,123,FIVES,S000126,FIVES,NORMAL,NORMAL,1,0.3367113994339429,0.022155934228606875,0.6411326663374503
RETFOUND_MAE_CFP_FROZEN_PCA128_SVM,123,FIVES,S000127,FIVES,NORMAL,NORMAL,1,0.053270577514182946,0.013538953441084635,0.9331904690447324
RETFOUND_MAE_CFP_FROZEN_PCA128_SVM,123,FIVES,S000128,FIVES,NORMAL,NORMAL,1,0.010291703947349613,0.006951625871525983,0.9827566701811242
RETFOUND_MAE_CFP_FROZEN_PCA128_SVM,123,FIVES,S000129,FIVES,NORMAL,NORMAL,1,0.005852784680427707,0.0037439670284258827,0.9904032482911463
RETFOUND_MAE_CFP_FROZEN_PCA128_SVM,123,FIVES,S000130,FIVES,NORMAL,NORMAL,1,0.11046147686838442,0.013175013382701701,0.876363509748914
RETFOUND_MAE_CFP_FROZEN_PCA128_SVM,123,FIVES,S000131,FIVES,NORMAL,NORMAL,1,0.004827510582481688,0.0005219138866938126,0.9946505755308245
RETFOUND_MAE_CFP_FROZEN_PCA128_SVM,123,FIVES,S000132,FIVES,NORMAL,NORMAL,1,0.009854628428573882,0.00027109358563428903,0.9898742779857919
RETFOUND_MAE_CFP_FROZEN_PCA128_SVM,123,FIVES,S000133,FIVES,NORMAL,NORMAL,1,0.03240659337423574,0.0028916311104466774,0.9647017755153176
RETFOUND_MAE_CFP_FROZEN_PCA128_SVM,123,FIVES,S000134,FIVES,NORMAL,NORMAL,1,0.013186905510948844,0.00477685790350179,0.9820362365855492
RETFOUND_MAE_CFP_FROZEN_PCA128_SVM,123,FIVES,S000135,FIVES,NORMAL,NORMAL,1,0.012633968567575853,0.0014340518017485968,0.9859319796306756
RETFOUND_MAE_CFP_FROZEN_PCA128_SVM,123,FIVES,S000136,FIVES,NORMAL,NORMAL,1,0.02100105988829062,0.0006393024032501028,0.9783596377084595
RETFOUND_MAE_CFP_FROZEN_PCA128_SVM,123,FIVES,S000137,FIVES,NORMAL,NORMAL,1,0.1350713127850795,0.003314142803577249,0.8616145444113433
RETFOUND_MAE_CFP_FROZEN_PCA128_SVM,123,FIVES,S000138,FIVES,NORMAL,NORMAL,1,0.01647787045031259,0.003060925872464666,0.9804612036772226
RETFOUND_MAE_CFP_FROZEN_PCA128_SVM,123,FIVES,S000139,FIVES,NORMAL,NORMAL,1,0.03539804530548663,0.029244899005132052,0.9353570556893813
RETFOUND_MAE_CFP_FROZEN_PCA128_SVM,123,FIVES,S000140,FIVES,NORMAL,NORMAL,1,0.035878115774078775,0.000637967849869489,0.9634839163760517
RETFOUND_MAE_CFP_FROZEN_PCA128_SVM,123,FIVES,S000141,FIVES,NORMAL,NORMAL,1,0.002173167673778209,0.00039408209907664844,0.9974327502271451
RETFOUND_MAE_CFP_FROZEN_PCA128_SVM,123,FIVES,S000142,FIVES,NORMAL,NORMAL,1,0.019528117648176822,0.004790866725481908,0.9756810156263411
RETFOUND_MAE_CFP_FROZEN_PCA128_SVM,123,FIVES,S000143,FIVES,NORMAL,NORMAL,1,0.006863962790355553,0.002453498949490987,0.9906825382601534
RETFOUND_MAE_CFP_FROZEN_PCA128_SVM,123,FIVES,S000144,FIVES,NORMAL,NORMAL,1,0.15902968407802726,0.09584863742753434,0.7451216784944384
RETFOUND_MAE_CFP_FROZEN_PCA128_SVM,123,FIVES,S000145,FIVES,NORMAL,NORMAL,1,0.05042592677026044,0.0041325018434518745,0.9454415713862877
RETFOUND_MAE_CFP_FROZEN_PCA128_SVM,123,FIVES,S000146,FIVES,NORMAL,NORMAL,1,0.03916042091851467,0.03279789913562439,0.9280416799458608
RETFOUND_MAE_CFP_FROZEN_PCA128_SVM,123,FIVES,S000147,FIVES,NORMAL,NORMAL,1,0.015743892336222785,0.008772652019729462,0.9754834556440477
RETFOUND_MAE_CFP_FROZEN_PCA128_SVM,123,FIVES,S000148,FIVES,NORMAL,NORMAL,1,0.0049104014106572955,0.0010473798768919956,0.9940422187124509
RETFOUND_MAE_CFP_FROZEN_PCA128_SVM,123,FIVES,S000149,FIVES,NORMAL,NORMAL,1,0.0059170423166689115,0.0014272383709102,0.9926557193124209
RETFOUND_MAE_CFP_FROZEN_PCA128_SVM,123,FIVES,S000150,FIVES,NORMAL,NORMAL,1,0.01709328323965382,0.019555276441300798,0.9633514403190453
RETFOUND_MAE_CFP_FROZEN_PCA128_SVM,123,FIVES,S000151,FIVES,NORMAL,NORMAL,1,0.018644020917543972,0.004209135280257272,0.9771468438021989
RETFOUND_MAE_CFP_FROZEN_PCA128_SVM,123,FIVES,S000152,FIVES,AMD_DRY,AMD_WET,0,0.40462285740099135,0.5940645871411512,0.0013125554578575492
RETFOUND_MAE_CFP_FROZEN_PCA128_SVM,123,FIVES,S000153,FIVES,AMD_DRY,AMD_DRY,1,0.7736890003108962,0.2229689018020205,0.0033420978870832138
RETFOUND_MAE_CFP_FROZEN_PCA128_SVM,123,FIVES,S000154,FIVES,AMD_DRY,AMD_DRY,1,0.7773643099809526,0.2214844540495039,0.0011512359695432595
RETFOUND_MAE_CFP_FROZEN_PCA128_SVM,123,FIVES,S000155,FIVES,AMD_DRY,AMD_DRY,1,0.849541695735077,0.14968377048457648,0.0007745337803464522
RETFOUND_MAE_CFP_FROZEN_PCA128_SVM,123,FIVES,S000156,FIVES,AMD_DRY,AMD_DRY,1,0.973838226318199,0.024300760274119374,0.001861013407681612
RETFOUND_MAE_CFP_FROZEN_PCA128_SVM,123,FIVES,S000157,FIVES,AMD_DRY,AMD_WET,0,0.1878784613699291,0.8086439440992867,0.00347759453078408
RETFOUND_MAE_CFP_FROZEN_PCA128_SVM,123,FIVES,S000158,FIVES,AMD_DRY,AMD_DRY,1,0.9071418895438114,0.09154888386045874,0.0013092265957300687
RETFOUND_MAE_CFP_FROZEN_PCA128_SVM,123,FIVES,S000159,FIVES,AMD_DRY,AMD_DRY,1,0.8697738988410401,0.12774436827113278,0.0024817328878270315
RETFOUND_MAE_CFP_FROZEN_PCA128_SVM,123,FIVES,S000160,FIVES,AMD_DRY,AMD_DRY,1,0.8461516665543912,0.14583271033797923,0.008015623107629818
RETFOUND_MAE_CFP_FROZEN_PCA128_SVM,123,FIVES,S000161,FIVES,AMD_DRY,AMD_WET,0,0.19535284173640763,0.80306328488735,0.0015838733762422764
RETFOUND_MAE_CFP_FROZEN_PCA128_SVM,123,FIVES,S000162,FIVES,AMD_DRY,AMD_DRY,1,0.8703121551705163,0.1277226470027592,0.001965197826724548
RETFOUND_MAE_CFP_FROZEN_PCA128_SVM,123,FIVES,S000163,FIVES,AMD_DRY,AMD_DRY,1,0.9520523156145635,0.0468608698073259,0.0010868145781106366
RETFOUND_MAE_CFP_FROZEN_PCA128_SVM,123,FIVES,S000164,FIVES,AMD_DRY,AMD_DRY,1,0.7555037161959635,0.23781489490521285,0.006681388898823846
RETFOUND_MAE_CFP_FROZEN_PCA128_SVM,123,FIVES,S000165,FIVES,AMD_DRY,AMD_DRY,1,0.9250581148064422,0.07371694568382502,0.0012249395097329156
RETFOUND_MAE_CFP_FROZEN_PCA128_SVM,123,FIVES,S000166,FIVES,AMD_DRY,AMD_WET,0,0.0030679980617423185,0.9968859617798005,4.6040158457150484e-05
RETFOUND_MAE_CFP_FROZEN_PCA128_SVM,123,FIVES,S000167,FIVES,AMD_WET,AMD_WET,1,0.004641495433917796,0.9951080289509461,0.0002504756151364878
RETFOUND_MAE_CFP_FROZEN_PCA128_SVM,123,FIVES,S000168,FIVES,AMD_WET,AMD_WET,1,0.0050684306497177836,0.9945369892387262,0.0003945801115558529
RETFOUND_MAE_CFP_FROZEN_PCA128_SVM,123,FIVES,S000169,FIVES,AMD_WET,AMD_WET,1,0.0032284260632538223,0.9960751998472634,0.0006963740894826657
RETFOUND_MAE_CFP_FROZEN_PCA128_SVM,123,FIVES,S000170,FIVES,AMD_WET,AMD_WET,1,0.002189290171068517,0.9972025907868092,0.0006081190421225707
RETFOUND_MAE_CFP_FROZEN_PCA128_SVM,123,FIVES,S000171,FIVES,AMD_WET,AMD_WET,1,0.007156063756058605,0.9923458900872618,0.0004980461566795267
RETFOUND_MAE_CFP_FROZEN_PCA128_SVM,123,FIVES,S000172,FIVES,AMD_WET,AMD_WET,1,0.006820079282709564,0.9908548745673355,0.0023250461499550556
RETFOUND_MAE_CFP_FROZEN_PCA128_SVM,123,FIVES,S000173,FIVES,AMD_WET,AMD_WET,1,0.09569567458470853,0.8854437141885121,0.018860611226779303
RETFOUND_MAE_CFP_FROZEN_PCA128_SVM,123,FIVES,S000174,FIVES,AMD_WET,AMD_WET,1,0.09640547453865922,0.9006402523315683,0.0029542731297724843
RETFOUND_MAE_CFP_FROZEN_PCA128_SVM,123,FIVES,S000175,FIVES,AMD_WET,AMD_WET,1,0.10856255555625399,0.8901853865852688,0.0012520578584773988
RETFOUND_MAE_CFP_FROZEN_PCA128_SVM,123,FIVES,S000176,FIVES,AMD_WET,AMD_WET,1,0.03626675064401069,0.9629921895559753,0.0007410598000138782
RETFOUND_MAE_CFP_FROZEN_PCA128_SVM,123,FIVES,S000177,FIVES,AMD_WET,AMD_WET,1,0.03416264024422794,0.9632285056661828,0.00260885408958921
RETFOUND_MAE_CFP_FROZEN_PCA128_SVM,123,FIVES,S000178,FIVES,AMD_WET,AMD_WET,1,0.05383071422493725,0.9452541207602736,0.0009151650147892417
RETFOUND_MAE_CFP_FROZEN_PCA128_SVM,123,FIVES,S000179,FIVES,AMD_WET,AMD_WET,1,0.07276205272128938,0.9243567709506296,0.002881176328081189
RETFOUND_MAE_CFP_FROZEN_PCA128_SVM,123,FIVES,S000180,FIVES,AMD_WET,AMD_WET,1,0.018229105384524588,0.9814261248285646,0.0003447697869107986
RETFOUND_MAE_CFP_FROZEN_PCA128_SVM,123,FIVES,S000181,FIVES,AMD_WET,AMD_WET,1,0.03582103449444123,0.9639420294595558,0.00023693604600295886
RETFOUND_MAE_CFP_FROZEN_PCA128_SVM,123,FIVES,S000182,FIVES,AMD_WET,AMD_WET,1,0.02246183974426894,0.9772055711333559,0.000332589122375298
RETFOUND_MAE_CFP_FROZEN_PCA128_SVM,123,FIVES,S000183,FIVES,AMD_WET,AMD_WET,1,0.00198082664012797,0.996519286438369,0.0014998869215027684
RETFOUND_MAE_CFP_FROZEN_PCA128_SVM,123,FIVES,S000184,FIVES,AMD_WET,AMD_WET,1,0.004124241003318158,0.9957956769742836,8.008202239820468e-05
RETFOUND_MAE_CFP_FROZEN_PCA128_SVM,123,FIVES,S000185,FIVES,AMD_WET,AMD_WET,1,0.013645186731047315,0.9859175156915038,0.00043729757744881377
RETFOUND_MAE_CFP_FROZEN_PCA128_SVM,123,FIVES,S000186,FIVES,AMD_WET,AMD_WET,1,0.006249616564737946,0.9932775546742515,0.00047282876101046055
RETFOUND_MAE_CFP_FROZEN_PCA128_SVM,123,FIVES,S000187,FIVES,AMD_WET,AMD_WET,1,0.09287830646351566,0.9062457357026279,0.0008759578338564902
RETFOUND_MAE_CFP_FROZEN_PCA128_SVM,123,FIVES,S000188,FIVES,AMD_WET,AMD_WET,1,0.00757693596829327,0.9922966267445417,0.00012643728716498257
RETFOUND_MAE_CFP_FROZEN_PCA128_SVM,123,FIVES,S000189,FIVES,AMD_WET,AMD_WET,1,0.03436091377509006,0.9651860199377684,0.00045306628714143933
RETFOUND_MAE_CFP_FROZEN_PCA128_SVM,123,FIVES,S000190,FIVES,AMD_WET,AMD_WET,1,0.3051759989851808,0.689903516397492,0.00492048461732736
RETFOUND_MAE_CFP_FROZEN_PCA128_SVM,123,FIVES,S000191,FIVES,AMD_WET,AMD_WET,1,4.419905328638401e-07,0.9997924425430041,0.00020711546646287084
RETFOUND_MAE_CFP_FROZEN_PCA128_SVM,123,FIVES,S000192,FIVES,AMD_WET,NORMAL,0,0.3910600616145568,0.1780091554361133,0.43093078294932996
RETFOUND_MAE_CFP_FROZEN_PCA128_SVM,123,FIVES,S000193,FIVES,AMD_WET,AMD_WET,1,0.010839844523008338,0.9870065443517758,0.0021536111252158023
RETFOUND_MAE_CFP_FROZEN_PCA128_SVM,123,FIVES,S000194,FIVES,AMD_WET,AMD_WET,1,0.10060809889976009,0.8929517011237065,0.00644019997653343
RETFOUND_MAE_CFP_FROZEN_PCA128_SVM,123,FIVES,S000195,FIVES,AMD_WET,AMD_WET,1,7.710061279949054e-07,0.9997874741642802,0.00021175482959178316
RETFOUND_MAE_CFP_FROZEN_PCA128_SVM,123,FIVES,S000196,FIVES,AMD_WET,AMD_WET,1,0.0033614489851130523,0.996323302140028,0.00031524887485922626
RETFOUND_MAE_CFP_FROZEN_PCA128_SVM,123,FIVES,S000197,FIVES,AMD_WET,AMD_WET,1,1.058751075169983e-06,0.9998634252181282,0.00013551603079680076
RETFOUND_MAE_CFP_FROZEN_PCA128_SVM,123,FIVES,S000198,FIVES,AMD_WET,AMD_WET,1,0.01676722919941393,0.9790811075331046,0.004151663267481331
RETFOUND_MAE_CFP_FROZEN_PCA128_SVM,123,FIVES,S000199,FIVES,AMD_WET,AMD_WET,1,0.4072046719990258,0.5918930663834199,0.0009022616175545724
RETFOUND_MAE_CFP_FROZEN_PCA128_SVM,123,FIVES,S000200,FIVES,AMD_WET,AMD_WET,1,0.3107940083039496,0.5435082742287081,0.14569771746734222
RETFOUND_MAE_CFP_FROZEN_PCA128_SVM,123,FIVES,S000201,FIVES,AMD_WET,AMD_WET,1,1.1770619315119723e-06,0.9998281800555826,0.00017064288248570106
RETFOUND_MAE_CFP_FROZEN_PCA128_SVM,123,FIVES,S000202,FIVES,AMD_WET,AMD_WET,1,0.01708344581138231,0.9810097339430851,0.0019068202455324724
RETFOUND_MAE_CFP_FROZEN_PCA128_SVM,123,FIVES,S000203,FIVES,AMD_WET,AMD_WET,1,0.005307793529446312,0.988587317392969,0.00610488907758452
RETFOUND_MAE_CFP_FROZEN_PCA128_SVM,123,FIVES,S000204,FIVES,AMD_WET,AMD_WET,1,0.011100314194041868,0.9879200393378997,0.0009796464680585277
RETFOUND_MAE_CFP_FROZEN_PCA128_SVM,123,FIVES,S000205,FIVES,AMD_WET,AMD_WET,1,0.0029949645049886443,0.9965014598073894,0.0005035756876220821
RETFOUND_MAE_CFP_FROZEN_PCA128_SVM,123,FIVES,S000207,FIVES,AMD_WET,AMD_WET,1,0.0024641862414386123,0.9973752301730535,0.0001605835855077734
RETFOUND_MAE_CFP_FROZEN_PCA128_SVM,123,FIVES,S000208,FIVES,AMD_WET,AMD_WET,1,0.13642393950978324,0.8630612424085878,0.0005148180816290127
RETFOUND_MAE_CFP_FROZEN_PCA128_SVM,123,FIVES,S000209,FIVES,AMD_WET,AMD_WET,1,0.09433871907553389,0.8760736110882001,0.029587669836265974
RETFOUND_MAE_CFP_FROZEN_PCA128_SVM,123,FIVES,S000210,FIVES,AMD_WET,AMD_WET,1,0.023153647759388406,0.9745494513894194,0.0022969008511921395
RETFOUND_MAE_CFP_FROZEN_PCA128_SVM,123,FIVES,S000211,FIVES,AMD_WET,AMD_WET,1,0.23849647548081615,0.7595498431264182,0.001953681392765474
RETFOUND_MAE_CFP_FROZEN_PCA128_SVM,123,FIVES,S000212,FIVES,AMD_WET,AMD_WET,1,0.04482553462919047,0.9532540000086114,0.001920465362198294
RETFOUND_MAE_CFP_FROZEN_PCA128_SVM,123,FIVES,S000213,FIVES,AMD_WET,AMD_DRY,0,0.5871397201613814,0.2707397721789457,0.14212050765967293
RETFOUND_MAE_CFP_FROZEN_PCA128_SVM,123,FIVES,S000214,FIVES,AMD_WET,AMD_WET,1,0.0974648547831016,0.901872761005441,0.0006623842114573572
RETFOUND_MAE_CFP_FROZEN_PCA128_SVM,123,FIVES,S000215,FIVES,AMD_WET,AMD_WET,1,4.168065992640502e-06,0.9991097071737048,0.000886124760302629
RETFOUND_MAE_CFP_FROZEN_PCA128_SVM,123,FIVES,S000216,FIVES,AMD_WET,AMD_WET,1,0.0019018588980013232,0.9977751543953054,0.0003229867066932953
RETFOUND_MAE_CFP_FROZEN_PCA128_SVM,123,FIVES,S000217,FIVES,AMD_WET,AMD_WET,1,0.032424498271147156,0.9643557023477399,0.00321979938111316
RETFOUND_MAE_CFP_FROZEN_PCA128_SVM,123,FIVES,S000218,FIVES,AMD_WET,AMD_DRY,0,0.489875347286017,0.15316277857080482,0.3569618741431779
RETFOUND_MAE_CFP_FROZEN_PCA128_SVM,123,FIVES,S000220,FIVES,AMD_WET,AMD_WET,1,0.007860475780778654,0.9918498292278971,0.00028969499132413395
RETFOUND_MAE_CFP_FROZEN_PCA128_SVM,123,FIVES,S000221,FIVES,AMD_WET,AMD_WET,1,0.057213691756471556,0.9410432553754895,0.001743052868039036
RETFOUND_MAE_CFP_FROZEN_PCA128_SVM,123,FIVES,S000222,FIVES,AMD_WET,AMD_WET,1,3.1416996345718464e-06,0.9989876361667194,0.0010092221336460239
RETFOUND_MAE_CFP_FROZEN_PCA128_SVM,123,FIVES,S000223,FIVES,AMD_WET,AMD_DRY,0,0.836473971136828,0.15765271898351538,0.005873309879656522
RETFOUND_MAE_CFP_FROZEN_PCA128_SVM,123,FIVES,S000224,FIVES,AMD_WET,AMD_WET,1,0.07857752171843403,0.920564779252488,0.0008576990290780157
RETFOUND_MAE_CFP_FROZEN_PCA128_SVM,123,FIVES,S000225,FIVES,AMD_WET,AMD_WET,1,0.22786163854440894,0.7503850731186498,0.021753288336941283
RETFOUND_MAE_CFP_FROZEN_PCA128_SVM,123,FIVES,S000226,FIVES,AMD_WET,AMD_WET,1,0.01948918312601793,0.9799897289183043,0.0005210879556777468
RETFOUND_MAE_CFP_FROZEN_PCA128_SVM,123,FIVES,S000227,FIVES,AMD_WET,AMD_WET,1,2.4628989628420062e-06,0.9996176859765795,0.00037985112445765626
RETFOUND_MAE_CFP_FROZEN_PCA128_SVM,123,FIVES,S000228,FIVES,AMD_WET,AMD_WET,1,0.0018972177457684824,0.9973837621344298,0.0007190201198017586
RETFOUND_MAE_CFP_FROZEN_PCA128_SVM,123,FIVES,S000229,FIVES,AMD_WET,AMD_WET,1,0.005956190118729907,0.9928691732554258,0.0011746366258441187
RETFOUND_MAE_CFP_FROZEN_PCA128_SVM,123,FIVES,S000230,FIVES,AMD_WET,AMD_WET,1,2.541104771837389e-06,0.9998272114983118,0.0001702473969163108
RETFOUND_MAE_CFP_FROZEN_PCA128_SVM,123,FIVES,S000231,FIVES,AMD_WET,AMD_DRY,0,0.6882271440795753,0.3080411267516659,0.0037317291687588012
RETFOUND_MAE_CFP_FROZEN_PCA128_SVM,123,FIVES,S000232,FIVES,AMD_WET,AMD_WET,1,0.23361019723863527,0.7627766715875569,0.0036131311738076934
RETFOUND_MAE_CFP_FROZEN_PCA128_SVM,123,FIVES,S000233,FIVES,AMD_WET,AMD_DRY,0,0.34790400930703425,0.3168381153926342,0.3352578753003315
RETFOUND_MAE_CFP_FROZEN_PCA128_SVM,123,FIVES,S000234,FIVES,AMD_WET,AMD_WET,1,0.015791139400152403,0.9767968893332528,0.007411971266594732
RETFOUND_MAE_CFP_FROZEN_PCA128_SVM,123,FIVES,S000235,FIVES,AMD_WET,AMD_WET,1,0.0025794934320957897,0.9970339998645823,0.0003865067033219415
RETFOUND_MAE_CFP_FROZEN_PCA128_SVM,123,FIVES,S000236,FIVES,AMD_WET,AMD_WET,1,0.15233493589730723,0.8406361150285862,0.0070289490741066414
RETFOUND_MAE_CFP_FROZEN_PCA128_SVM,123,FIVES,S000238,FIVES,AMD_WET,AMD_WET,1,0.22955553799117387,0.6971576168292883,0.07328684517953751
RETFOUND_MAE_CFP_FROZEN_PCA128_SVM,123,ODIR,S000239,ODIR,NORMAL,AMD_DRY,0,0.6361246210225029,0.0747106616106011,0.2891647173668961
RETFOUND_MAE_CFP_FROZEN_PCA128_SVM,123,ODIR,S000240,ODIR,NORMAL,NORMAL,1,0.27480423819602673,0.2556159700172618,0.46957979178671144
RETFOUND_MAE_CFP_FROZEN_PCA128_SVM,123,ODIR,S000241,ODIR,NORMAL,AMD_DRY,0,0.42671328664769426,0.2812847525547603,0.29200196079754526
RETFOUND_MAE_CFP_FROZEN_PCA128_SVM,123,ODIR,S000242,ODIR,NORMAL,NORMAL,1,0.18728086426036109,0.11809568528930006,0.6946234504503388
RETFOUND_MAE_CFP_FROZEN_PCA128_SVM,123,ODIR,S000243,ODIR,NORMAL,AMD_DRY,0,0.9579539012069209,0.020346125699345605,0.021699973093733487
RETFOUND_MAE_CFP_FROZEN_PCA128_SVM,123,ODIR,S000244,ODIR,NORMAL,NORMAL,1,0.04682173579571945,0.0667764032114295,0.8864018609928509
RETFOUND_MAE_CFP_FROZEN_PCA128_SVM,123,ODIR,S000245,ODIR,NORMAL,NORMAL,1,0.24608661344351274,0.0753301490506611,0.678583237505826
RETFOUND_MAE_CFP_FROZEN_PCA128_SVM,123,ODIR,S000246,ODIR,NORMAL,NORMAL,1,0.024316607245683273,0.03078201139130293,0.9449013813630138
RETFOUND_MAE_CFP_FROZEN_PCA128_SVM,123,ODIR,S000247,ODIR,NORMAL,NORMAL,1,0.03483076754779998,0.12088663242299968,0.8442826000292002
RETFOUND_MAE_CFP_FROZEN_PCA128_SVM,123,ODIR,S000248,ODIR,NORMAL,NORMAL,1,0.1957949691896476,0.16926356164998518,0.6349414691603672
RETFOUND_MAE_CFP_FROZEN_PCA128_SVM,123,ODIR,S000249,ODIR,NORMAL,NORMAL,1,0.11332103961884911,0.06009770549716228,0.8265812548839887
RETFOUND_MAE_CFP_FROZEN_PCA128_SVM,123,ODIR,S000250,ODIR,NORMAL,AMD_DRY,0,0.9481996392810979,0.028072119458771982,0.023728241260130442
RETFOUND_MAE_CFP_FROZEN_PCA128_SVM,123,ODIR,S000251,ODIR,NORMAL,AMD_DRY,0,0.8261373997250051,0.09161836054118114,0.08224423973381384
RETFOUND_MAE_CFP_FROZEN_PCA128_SVM,123,ODIR,S000252,ODIR,NORMAL,NORMAL,1,0.24111634221871828,0.22453884922758974,0.5343448085536919
RETFOUND_MAE_CFP_FROZEN_PCA128_SVM,123,ODIR,S000253,ODIR,NORMAL,NORMAL,1,0.11384156249278266,0.1102928409590984,0.775865596548119
RETFOUND_MAE_CFP_FROZEN_PCA128_SVM,123,ODIR,S000254,ODIR,NORMAL,NORMAL,1,0.1594286561360444,0.17524583210337455,0.6653255117605809
RETFOUND_MAE_CFP_FROZEN_PCA128_SVM,123,ODIR,S000255,ODIR,NORMAL,AMD_DRY,0,0.42140530527635206,0.18398327608352638,0.39461141864012134
RETFOUND_MAE_CFP_FROZEN_PCA128_SVM,123,ODIR,S000256,ODIR,NORMAL,NORMAL,1,0.29560549417734466,0.11425568823114851,0.5901388175915068
RETFOUND_MAE_CFP_FROZEN_PCA128_SVM,123,ODIR,S000257,ODIR,NORMAL,NORMAL,1,0.05830891089029031,0.03389998476488215,0.9077911043448277
RETFOUND_MAE_CFP_FROZEN_PCA128_SVM,123,ODIR,S000258,ODIR,NORMAL,NORMAL,1,0.24464804738193074,0.32303115946672617,0.4323207931513428
RETFOUND_MAE_CFP_FROZEN_PCA128_SVM,123,ODIR,S000259,ODIR,NORMAL,NORMAL,1,0.20116093325917708,0.18823849468120252,0.6106005720596203
RETFOUND_MAE_CFP_FROZEN_PCA128_SVM,123,ODIR,S000260,ODIR,NORMAL,NORMAL,1,0.20462000862999077,0.2198116568383709,0.5755683345316385
RETFOUND_MAE_CFP_FROZEN_PCA128_SVM,123,ODIR,S000261,ODIR,NORMAL,AMD_DRY,0,0.6089450330185431,0.06194989404216239,0.32910507293929464
RETFOUND_MAE_CFP_FROZEN_PCA128_SVM,123,ODIR,S000262,ODIR,NORMAL,NORMAL,1,0.06528428761987659,0.02726579010630115,0.9074499222738223
RETFOUND_MAE_CFP_FROZEN_PCA128_SVM,123,ODIR,S000263,ODIR,NORMAL,NORMAL,1,0.06516055314125625,0.03473366026138939,0.9001057865973543
RETFOUND_MAE_CFP_FROZEN_PCA128_SVM,123,ODIR,S000264,ODIR,NORMAL,NORMAL,1,0.02712992393140425,0.024106008878038796,0.948764067190557
RETFOUND_MAE_CFP_FROZEN_PCA128_SVM,123,ODIR,S000265,ODIR,NORMAL,AMD_DRY,0,0.5252990612418933,0.17744265560639555,0.2972582831517112
RETFOUND_MAE_CFP_FROZEN_PCA128_SVM,123,ODIR,S000266,ODIR,NORMAL,AMD_DRY,0,0.6363041778099567,0.09023486572286069,0.27346095646718277
RETFOUND_MAE_CFP_FROZEN_PCA128_SVM,123,ODIR,S000267,ODIR,NORMAL,AMD_DRY,0,0.5266803600562034,0.23444039255787813,0.2388792473859187
RETFOUND_MAE_CFP_FROZEN_PCA128_SVM,123,ODIR,S000268,ODIR,NORMAL,AMD_DRY,0,0.7724653273814477,0.14440452013352337,0.08313015248502913
RETFOUND_MAE_CFP_FROZEN_PCA128_SVM,123,ODIR,S000269,ODIR,NORMAL,NORMAL,1,0.33087885533120165,0.010909590755050293,0.6582115539137481
RETFOUND_MAE_CFP_FROZEN_PCA128_SVM,123,ODIR,S000270,ODIR,NORMAL,NORMAL,1,0.40875399312801236,0.13791311810289594,0.45333288876909167
RETFOUND_MAE_CFP_FROZEN_PCA128_SVM,123,ODIR,S000271,ODIR,NORMAL,NORMAL,1,0.20405625993583243,0.11388212777871999,0.6820616122854475
RETFOUND_MAE_CFP_FROZEN_PCA128_SVM,123,ODIR,S000272,ODIR,NORMAL,AMD_DRY,0,0.5841778800861603,0.11630476362047394,0.29951735629336573
RETFOUND_MAE_CFP_FROZEN_PCA128_SVM,123,ODIR,S000273,ODIR,NORMAL,NORMAL,1,0.0934692299244524,0.018235912639808186,0.8882948574357395
RETFOUND_MAE_CFP_FROZEN_PCA128_SVM,123,ODIR,S000274,ODIR,NORMAL,NORMAL,1,0.21532970194386175,0.19916125699404177,0.5855090410620963
RETFOUND_MAE_CFP_FROZEN_PCA128_SVM,123,ODIR,S000275,ODIR,NORMAL,NORMAL,1,0.036689399358810215,0.12457068559389373,0.8387399150472962
RETFOUND_MAE_CFP_FROZEN_PCA128_SVM,123,ODIR,S000276,ODIR,NORMAL,NORMAL,1,0.17543553794698805,0.10274767441102062,0.7218167876419914
RETFOUND_MAE_CFP_FROZEN_PCA128_SVM,123,ODIR,S000277,ODIR,NORMAL,NORMAL,1,0.21224895798108923,0.04431691454094084,0.74343412747797
RETFOUND_MAE_CFP_FROZEN_PCA128_SVM,123,ODIR,S000278,ODIR,NORMAL,NORMAL,1,0.19478864143159963,0.13207434448979463,0.6731370140786057
RETFOUND_MAE_CFP_FROZEN_PCA128_SVM,123,ODIR,S000279,ODIR,NORMAL,NORMAL,1,0.25507951072933815,0.31927237628218397,0.42564811298847777
RETFOUND_MAE_CFP_FROZEN_PCA128_SVM,123,ODIR,S000280,ODIR,NORMAL,NORMAL,1,0.0592723901541815,0.0797762568879659,0.8609513529578526
RETFOUND_MAE_CFP_FROZEN_PCA128_SVM,123,ODIR,S000281,ODIR,NORMAL,NORMAL,1,0.2571583047951012,0.15516706465859859,0.5876746305463001
RETFOUND_MAE_CFP_FROZEN_PCA128_SVM,123,ODIR,S000282,ODIR,NORMAL,NORMAL,1,0.14342348893490714,0.057738982756424674,0.7988375283086683
RETFOUND_MAE_CFP_FROZEN_PCA128_SVM,123,ODIR,S000283,ODIR,NORMAL,NORMAL,1,0.214184540235003,0.3022973353122001,0.48351812445279707
RETFOUND_MAE_CFP_FROZEN_PCA128_SVM,123,ODIR,S000284,ODIR,NORMAL,NORMAL,1,0.37554449504414694,0.20424897299080863,0.4202065319650444
RETFOUND_MAE_CFP_FROZEN_PCA128_SVM,123,ODIR,S000285,ODIR,NORMAL,NORMAL,1,0.2333704473704084,0.26296623912174655,0.5036633135078448
RETFOUND_MAE_CFP_FROZEN_PCA128_SVM,123,ODIR,S000286,ODIR,NORMAL,NORMAL,1,0.11560607178824937,0.06368125675937047,0.8207126714523802
RETFOUND_MAE_CFP_FROZEN_PCA128_SVM,123,ODIR,S000287,ODIR,NORMAL,NORMAL,1,0.3481473770876155,0.20695317513574785,0.4448994477766366
RETFOUND_MAE_CFP_FROZEN_PCA128_SVM,123,ODIR,S000288,ODIR,NORMAL,AMD_WET,0,0.14300594304462677,0.4320460898972687,0.42494796705810434
RETFOUND_MAE_CFP_FROZEN_PCA128_SVM,123,ODIR,S000289,ODIR,NORMAL,AMD_DRY,0,0.502684633145406,0.25980739188380647,0.23750797497078766
RETFOUND_MAE_CFP_FROZEN_PCA128_SVM,123,ODIR,S000290,ODIR,NORMAL,NORMAL,1,0.3237384479194176,0.20700983380210577,0.46925171827847667
RETFOUND_MAE_CFP_FROZEN_PCA128_SVM,123,ODIR,S000291,ODIR,NORMAL,NORMAL,1,0.1872013920544383,0.32244980217566976,0.490348805769892
RETFOUND_MAE_CFP_FROZEN_PCA128_SVM,123,ODIR,S000292,ODIR,NORMAL,NORMAL,1,0.26467181331354117,0.19747356255902115,0.5378546241274375
RETFOUND_MAE_CFP_FROZEN_PCA128_SVM,123,ODIR,S000293,ODIR,NORMAL,NORMAL,1,0.08772138142001394,0.19451437007188374,0.7177642485081026
RETFOUND_MAE_CFP_FROZEN_PCA128_SVM,123,ODIR,S000294,ODIR,NORMAL,NORMAL,1,0.05763170298580215,0.07327317561980667,0.8690951213943912
RETFOUND_MAE_CFP_FROZEN_PCA128_SVM,123,ODIR,S000295,ODIR,NORMAL,AMD_DRY,0,0.6832445747584328,0.19437944440599023,0.1223759808355771
RETFOUND_MAE_CFP_FROZEN_PCA128_SVM,123,ODIR,S000296,ODIR,NORMAL,AMD_WET,0,0.18718068677578797,0.5336060104629802,0.2792133027612317
RETFOUND_MAE_CFP_FROZEN_PCA128_SVM,123,ODIR,S000297,ODIR,NORMAL,NORMAL,1,0.3889041513520882,0.05732282852037377,0.5537730201275377
RETFOUND_MAE_CFP_FROZEN_PCA128_SVM,123,ODIR,S000298,ODIR,NORMAL,AMD_DRY,0,0.4161906054164814,0.18881755944654405,0.3949918351369744
RETFOUND_MAE_CFP_FROZEN_PCA128_SVM,123,ODIR,S000299,ODIR,NORMAL,NORMAL,1,0.06997785145038772,0.11425748008189096,0.8157646684677213
RETFOUND_MAE_CFP_FROZEN_PCA128_SVM,123,ODIR,S000300,ODIR,NORMAL,AMD_WET,0,0.15958711063071745,0.5836876643184817,0.25672522505080103
RETFOUND_MAE_CFP_FROZEN_PCA128_SVM,123,ODIR,S000301,ODIR,NORMAL,NORMAL,1,0.08646959262415867,0.04607427844666584,0.8674561289291753
RETFOUND_MAE_CFP_FROZEN_PCA128_SVM,123,ODIR,S000302,ODIR,NORMAL,NORMAL,1,0.16117298638833435,0.09315210862527569,0.7456749049863901
RETFOUND_MAE_CFP_FROZEN_PCA128_SVM,123,ODIR,S000303,ODIR,NORMAL,AMD_DRY,0,0.6366885070434067,0.07582397068100503,0.2874875222755887
RETFOUND_MAE_CFP_FROZEN_PCA128_SVM,123,ODIR,S000304,ODIR,NORMAL,AMD_DRY,0,0.4644610621167249,0.40414464038128833,0.1313942975019869
RETFOUND_MAE_CFP_FROZEN_PCA128_SVM,123,ODIR,S000305,ODIR,NORMAL,NORMAL,1,0.1950820786534677,0.05433808428794523,0.750579837058587
RETFOUND_MAE_CFP_FROZEN_PCA128_SVM,123,ODIR,S000306,ODIR,NORMAL,NORMAL,1,0.19596598816683405,0.1377677981037984,0.6662662137293675
RETFOUND_MAE_CFP_FROZEN_PCA128_SVM,123,ODIR,S000307,ODIR,NORMAL,NORMAL,1,0.19799003089794162,0.11798560450345097,0.6840243645986075
RETFOUND_MAE_CFP_FROZEN_PCA128_SVM,123,ODIR,S000308,ODIR,NORMAL,NORMAL,1,0.19238250887278324,0.16690975629248478,0.640707734834732
RETFOUND_MAE_CFP_FROZEN_PCA128_SVM,123,ODIR,S000309,ODIR,NORMAL,NORMAL,1,0.2305773450048177,0.11560664484680111,0.6538160101483812
RETFOUND_MAE_CFP_FROZEN_PCA128_SVM,123,ODIR,S000310,ODIR,NORMAL,NORMAL,1,0.01770791794379079,0.052907427335278444,0.9293846547209309
RETFOUND_MAE_CFP_FROZEN_PCA128_SVM,123,ODIR,S000311,ODIR,NORMAL,NORMAL,1,0.22827778515213973,0.18075719995953907,0.590965014888321
RETFOUND_MAE_CFP_FROZEN_PCA128_SVM,123,ODIR,S000312,ODIR,NORMAL,NORMAL,1,0.15930082614193253,0.41128153740588624,0.4294176364521812
RETFOUND_MAE_CFP_FROZEN_PCA128_SVM,123,ODIR,S000313,ODIR,NORMAL,AMD_WET,0,0.24656755209839973,0.39806347071418335,0.35536897718741683
RETFOUND_MAE_CFP_FROZEN_PCA128_SVM,123,ODIR,S000314,ODIR,NORMAL,NORMAL,1,0.21518290628038925,0.37375782838520055,0.4110592653344102
RETFOUND_MAE_CFP_FROZEN_PCA128_SVM,123,ODIR,S000315,ODIR,NORMAL,AMD_DRY,0,0.8893005842340805,0.053628613149431674,0.05707080261648775
RETFOUND_MAE_CFP_FROZEN_PCA128_SVM,123,ODIR,S000316,ODIR,NORMAL,NORMAL,1,0.19914189378653493,0.21546207335969136,0.5853960328537735
RETFOUND_MAE_CFP_FROZEN_PCA128_SVM,123,ODIR,S000317,ODIR,NORMAL,NORMAL,1,0.08797406501684585,0.03859095475170205,0.873434980231452
RETFOUND_MAE_CFP_FROZEN_PCA128_SVM,123,ODIR,S000318,ODIR,NORMAL,NORMAL,1,0.34813584951772436,0.06867290512277424,0.5831912453595014
RETFOUND_MAE_CFP_FROZEN_PCA128_SVM,123,ODIR,S000319,ODIR,NORMAL,NORMAL,1,0.3406999325042823,0.09953273839076375,0.5597673291049539
RETFOUND_MAE_CFP_FROZEN_PCA128_SVM,123,ODIR,S000320,ODIR,NORMAL,NORMAL,1,0.16738437838511874,0.13049909892751002,0.7021165226873712
RETFOUND_MAE_CFP_FROZEN_PCA128_SVM,123,ODIR,S000321,ODIR,NORMAL,AMD_WET,0,0.19341153852727044,0.43244621909950487,0.3741422423732244
RETFOUND_MAE_CFP_FROZEN_PCA128_SVM,123,ODIR,S000322,ODIR,NORMAL,AMD_WET,0,0.1594142330052071,0.5295468700937425,0.3110388969010503
RETFOUND_MAE_CFP_FROZEN_PCA128_SVM,123,ODIR,S000323,ODIR,NORMAL,AMD_WET,0,0.1661079124544804,0.570443594494324,0.2634484930511955
RETFOUND_MAE_CFP_FROZEN_PCA128_SVM,123,ODIR,S000324,ODIR,NORMAL,AMD_WET,0,0.1899206378720653,0.6508837857238086,0.15919557640412618
RETFOUND_MAE_CFP_FROZEN_PCA128_SVM,123,ODIR,S000325,ODIR,NORMAL,NORMAL,1,0.04971882256154127,0.016004033973107408,0.9342771434653512
RETFOUND_MAE_CFP_FROZEN_PCA128_SVM,123,ODIR,S000326,ODIR,NORMAL,NORMAL,1,0.10642821309467274,0.025143393105855363,0.8684283937994717
RETFOUND_MAE_CFP_FROZEN_PCA128_SVM,123,ODIR,S000327,ODIR,NORMAL,NORMAL,1,0.1007319759829341,0.11603144354221127,0.7832365804748544
RETFOUND_MAE_CFP_FROZEN_PCA128_SVM,123,ODIR,S000328,ODIR,NORMAL,NORMAL,1,0.05953879125670387,0.06544692555162884,0.8750142831916675
RETFOUND_MAE_CFP_FROZEN_PCA128_SVM,123,ODIR,S000329,ODIR,NORMAL,AMD_DRY,0,0.5883149209207075,0.25949864411292617,0.1521864349663667
RETFOUND_MAE_CFP_FROZEN_PCA128_SVM,123,ODIR,S000330,ODIR,NORMAL,AMD_DRY,0,0.7224162575006894,0.16509136633101804,0.11249237616829282
RETFOUND_MAE_CFP_FROZEN_PCA128_SVM,123,ODIR,S000331,ODIR,NORMAL,AMD_DRY,0,0.6412484919403968,0.20023901526667803,0.1585124927929249
RETFOUND_MAE_CFP_FROZEN_PCA128_SVM,123,ODIR,S000332,ODIR,NORMAL,AMD_DRY,0,0.4547947705942994,0.2462455086579606,0.29895972074773985
RETFOUND_MAE_CFP_FROZEN_PCA128_SVM,123,ODIR,S000333,ODIR,NORMAL,NORMAL,1,0.2650402217672476,0.03129326820795207,0.7036665100248003
RETFOUND_MAE_CFP_FROZEN_PCA128_SVM,123,ODIR,S000334,ODIR,NORMAL,NORMAL,1,0.10384253396531432,0.032578818872326124,0.8635786471623597
RETFOUND_MAE_CFP_FROZEN_PCA128_SVM,123,ODIR,S000335,ODIR,NORMAL,AMD_DRY,0,0.47009702636774214,0.2810030316713842,0.24889994196087367
RETFOUND_MAE_CFP_FROZEN_PCA128_SVM,123,ODIR,S000336,ODIR,NORMAL,NORMAL,1,0.29870583011871327,0.3357197813213461,0.3655743885599404
RETFOUND_MAE_CFP_FROZEN_PCA128_SVM,123,ODIR,S000337,ODIR,NORMAL,AMD_WET,0,0.3315894089734867,0.5029510791419018,0.16545951188461144
RETFOUND_MAE_CFP_FROZEN_PCA128_SVM,123,ODIR,S000338,ODIR,NORMAL,AMD_WET,0,0.3093983311222672,0.5802698126915601,0.11033185618617257
RETFOUND_MAE_CFP_FROZEN_PCA128_SVM,123,ODIR,S000339,ODIR,NORMAL,NORMAL,1,0.027165051106141706,0.035661523534744,0.9371734253591144
RETFOUND_MAE_CFP_FROZEN_PCA128_SVM,123,ODIR,S000340,ODIR,NORMAL,NORMAL,1,0.07090926767155607,0.08639526829332138,0.8426954640351225
RETFOUND_MAE_CFP_FROZEN_PCA128_SVM,123,ODIR,S000341,ODIR,NORMAL,NORMAL,1,0.1988002376943682,0.22518898510978386,0.5760107771958478
RETFOUND_MAE_CFP_FROZEN_PCA128_SVM,123,ODIR,S000342,ODIR,NORMAL,NORMAL,1,0.11121867876928421,0.23951096530610966,0.6492703559246058
RETFOUND_MAE_CFP_FROZEN_PCA128_SVM,123,ODIR,S000343,ODIR,NORMAL,NORMAL,1,0.02745707493045323,0.010845610157259595,0.961697314912287
RETFOUND_MAE_CFP_FROZEN_PCA128_SVM,123,ODIR,S000344,ODIR,NORMAL,NORMAL,1,0.03407164778009443,0.02220832312545437,0.9437200290944511
RETFOUND_MAE_CFP_FROZEN_PCA128_SVM,123,ODIR,S000345,ODIR,NORMAL,NORMAL,1,0.13490719710872548,0.052427957972628496,0.8126648449186462
RETFOUND_MAE_CFP_FROZEN_PCA128_SVM,123,ODIR,S000346,ODIR,NORMAL,NORMAL,1,0.09059645997586485,0.09966890365208483,0.8097346363720505
RETFOUND_MAE_CFP_FROZEN_PCA128_SVM,123,ODIR,S000347,ODIR,NORMAL,NORMAL,1,0.13631008772762343,0.17250841333795158,0.691181498934425
RETFOUND_MAE_CFP_FROZEN_PCA128_SVM,123,ODIR,S000348,ODIR,NORMAL,AMD_DRY,0,0.8836210499048365,0.05159541302971746,0.06478353706544598
RETFOUND_MAE_CFP_FROZEN_PCA128_SVM,123,ODIR,S000349,ODIR,NORMAL,AMD_DRY,0,0.6167635900714946,0.18418848364965285,0.19904792627885254
RETFOUND_MAE_CFP_FROZEN_PCA128_SVM,123,ODIR,S000350,ODIR,NORMAL,NORMAL,1,0.10374330116982118,0.1050316612654414,0.7912250375647373
RETFOUND_MAE_CFP_FROZEN_PCA128_SVM,123,ODIR,S000351,ODIR,NORMAL,NORMAL,1,0.38282825935237286,0.11893568562531467,0.4982360550223125
RETFOUND_MAE_CFP_FROZEN_PCA128_SVM,123,ODIR,S000352,ODIR,NORMAL,AMD_WET,0,0.2099136354835339,0.6299849506070104,0.1601014139094558
RETFOUND_MAE_CFP_FROZEN_PCA128_SVM,123,ODIR,S000353,ODIR,NORMAL,AMD_DRY,0,0.4213195780162454,0.4172210778042504,0.16145934417950383
RETFOUND_MAE_CFP_FROZEN_PCA128_SVM,123,ODIR,S000354,ODIR,NORMAL,NORMAL,1,0.10079941320704978,0.05670945721484793,0.8424911295781023
RETFOUND_MAE_CFP_FROZEN_PCA128_SVM,123,ODIR,S000355,ODIR,NORMAL,NORMAL,1,0.06675613758042045,0.12403356134664634,0.8092103010729332
RETFOUND_MAE_CFP_FROZEN_PCA128_SVM,123,ODIR,S000356,ODIR,NORMAL,NORMAL,1,0.3476992673498253,0.0765157714701708,0.5757849611800038
RETFOUND_MAE_CFP_FROZEN_PCA128_SVM,123,ODIR,S000357,ODIR,NORMAL,NORMAL,1,0.387498375385177,0.13177361475189128,0.4807280098629314
RETFOUND_MAE_CFP_FROZEN_PCA128_SVM,123,ODIR,S000358,ODIR,NORMAL,NORMAL,1,0.39318090979161396,0.06141741186705596,0.5454016783413299
RETFOUND_MAE_CFP_FROZEN_PCA128_SVM,123,ODIR,S000359,ODIR,NORMAL,NORMAL,1,0.26910764692400446,0.08020550304482206,0.6506868500311734
RETFOUND_MAE_CFP_FROZEN_PCA128_SVM,123,ODIR,S000360,ODIR,NORMAL,NORMAL,1,0.041624710907005744,0.03606885170356829,0.9223064373894261
RETFOUND_MAE_CFP_FROZEN_PCA128_SVM,123,ODIR,S000361,ODIR,NORMAL,NORMAL,1,0.09766241420936432,0.07156958262966615,0.8307680031609694
RETFOUND_MAE_CFP_FROZEN_PCA128_SVM,123,ODIR,S000362,ODIR,NORMAL,AMD_DRY,0,0.4663435504301617,0.15140280943581524,0.38225364013402324
RETFOUND_MAE_CFP_FROZEN_PCA128_SVM,123,ODIR,S000363,ODIR,NORMAL,NORMAL,1,0.10222768410262931,0.2689135214460398,0.6288587944513306
RETFOUND_MAE_CFP_FROZEN_PCA128_SVM,123,ODIR,S000364,ODIR,AMD_DRY,AMD_WET,0,0.26514124626486396,0.7316282058278887,0.0032305479072474185
RETFOUND_MAE_CFP_FROZEN_PCA128_SVM,123,ODIR,S000365,ODIR,AMD_DRY,AMD_WET,0,0.3268233192202885,0.6707493067448396,0.002427374034871738
RETFOUND_MAE_CFP_FROZEN_PCA128_SVM,123,ODIR,S000366,ODIR,AMD_DRY,AMD_WET,0,0.15079871205567646,0.4691332212430386,0.3800680667012851
RETFOUND_MAE_CFP_FROZEN_PCA128_SVM,123,ODIR,S000367,ODIR,AMD_DRY,AMD_WET,0,0.17529014880030172,0.812896422202868,0.01181342899683018
RETFOUND_MAE_CFP_FROZEN_PCA128_SVM,123,ODIR,S000368,ODIR,AMD_DRY,AMD_DRY,1,0.6956699486954179,0.08351887676612257,0.2208111745384599
RETFOUND_MAE_CFP_FROZEN_PCA128_SVM,123,ODIR,S000369,ODIR,AMD_DRY,AMD_WET,0,0.25008803273992336,0.6652264430609636,0.08468552419911343
RETFOUND_MAE_CFP_FROZEN_PCA128_SVM,123,ODIR,S000370,ODIR,AMD_DRY,AMD_WET,0,0.13080641995491626,0.7348979318732656,0.13429564817181824
RETFOUND_MAE_CFP_FROZEN_PCA128_SVM,123,ODIR,S000371,ODIR,AMD_DRY,AMD_DRY,1,0.7264030744712957,0.20580076818953866,0.06779615733916569
RETFOUND_MAE_CFP_FROZEN_PCA128_SVM,123,ODIR,S000372,ODIR,AMD_DRY,AMD_DRY,1,0.7995628440388576,0.10206746993027936,0.09836968603086282
RETFOUND_MAE_CFP_FROZEN_PCA128_SVM,123,ODIR,S000373,ODIR,AMD_DRY,AMD_WET,0,0.06674053602831607,0.8887376014057103,0.04452186256597341
RETFOUND_MAE_CFP_FROZEN_PCA128_SVM,123,ODIR,S000374,ODIR,AMD_DRY,AMD_WET,0,0.2590855658263488,0.713464230311469,0.027450203862182252
RETFOUND_MAE_CFP_FROZEN_PCA128_SVM,123,ODIR,S000375,ODIR,AMD_DRY,AMD_DRY,1,0.8518216817744861,0.1302569742674199,0.0179213439580939
RETFOUND_MAE_CFP_FROZEN_PCA128_SVM,123,ODIR,S000376,ODIR,AMD_DRY,AMD_DRY,1,0.8954459712116417,0.059994126374781194,0.044559902413577365
RETFOUND_MAE_CFP_FROZEN_PCA128_SVM,123,ODIR,S000377,ODIR,AMD_DRY,AMD_WET,0,0.29526904917326824,0.6523912366206795,0.05233971420605242
RETFOUND_MAE_CFP_FROZEN_PCA128_SVM,123,ODIR,S000378,ODIR,AMD_DRY,AMD_WET,0,0.135332349635976,0.7171480712311665,0.14751957913285751
RETFOUND_MAE_CFP_FROZEN_PCA128_SVM,123,ODIR,S000379,ODIR,AMD_DRY,AMD_WET,0,0.01003484268363223,0.9818378183350143,0.008127338981353418
RETFOUND_MAE_CFP_FROZEN_PCA128_SVM,123,ODIR,S000380,ODIR,AMD_DRY,AMD_WET,0,0.4666872156576073,0.5314155519932137,0.001897232349179159
RETFOUND_MAE_CFP_FROZEN_PCA128_SVM,123,ODIR,S000381,ODIR,AMD_DRY,AMD_DRY,1,0.9618379762621229,0.03684294544689914,0.0013190782909778928
RETFOUND_MAE_CFP_FROZEN_PCA128_SVM,123,ODIR,S000382,ODIR,AMD_DRY,AMD_WET,0,0.0996546116429,0.8897274400314732,0.010617948325626996
RETFOUND_MAE_CFP_FROZEN_PCA128_SVM,123,ODIR,S000383,ODIR,AMD_DRY,AMD_WET,0,0.20348012139394886,0.6376124030855971,0.15890747552045423
RETFOUND_MAE_CFP_FROZEN_PCA128_SVM,123,ODIR,S000384,ODIR,AMD_DRY,AMD_WET,0,0.265474666602858,0.47584824807378406,0.25867708532335754
RETFOUND_MAE_CFP_FROZEN_PCA128_SVM,123,ODIR,S000385,ODIR,AMD_DRY,AMD_DRY,1,0.9286603696950162,0.06535945833129594,0.005980171973687876
RETFOUND_MAE_CFP_FROZEN_PCA128_SVM,123,ODIR,S000386,ODIR,AMD_DRY,AMD_WET,0,0.4371923367445405,0.5477583336193477,0.01504932963611174
RETFOUND_MAE_CFP_FROZEN_PCA128_SVM,123,ODIR,S000387,ODIR,AMD_DRY,AMD_WET,0,0.22292783905674463,0.7589565753130663,0.01811558563018922
RETFOUND_MAE_CFP_FROZEN_PCA128_SVM,123,ODIR,S000388,ODIR,AMD_DRY,AMD_WET,0,0.14824883988898313,0.828360617435928,0.023390542675089013
RETFOUND_MAE_CFP_FROZEN_PCA128_SVM,123,ODIR,S000389,ODIR,AMD_DRY,AMD_DRY,1,0.8292191544716602,0.09046479351559372,0.08031605201274618
RETFOUND_MAE_CFP_FROZEN_PCA128_SVM,123,ODIR,S000390,ODIR,AMD_DRY,AMD_WET,0,0.24150908871634172,0.7298043844798267,0.028686526803831606
RETFOUND_MAE_CFP_FROZEN_PCA128_SVM,123,ODIR,S000391,ODIR,AMD_DRY,AMD_WET,0,0.2942943410797123,0.6036877871582854,0.10201787176200222
RETFOUND_MAE_CFP_FROZEN_PCA128_SVM,123,ODIR,S000392,ODIR,AMD_DRY,AMD_DRY,1,0.8454878842104311,0.1493446292964835,0.0051674864930854264
RETFOUND_MAE_CFP_FROZEN_PCA128_SVM,123,ODIR,S000393,ODIR,AMD_DRY,AMD_WET,0,0.29723600580069043,0.6879987942622362,0.01476519993707319
RETFOUND_MAE_CFP_FROZEN_PCA128_SVM,123,ODIR,S000394,ODIR,AMD_DRY,AMD_WET,0,0.4757145029640132,0.5135143946761931,0.010771102359793758
RETFOUND_MAE_CFP_FROZEN_PCA128_SVM,123,ODIR,S000395,ODIR,AMD_DRY,AMD_WET,0,0.1460573273415301,0.8323111213970782,0.021631551261391952
RETFOUND_MAE_CFP_FROZEN_PCA128_SVM,123,ODIR,S000396,ODIR,AMD_DRY,AMD_DRY,1,0.5706730296437604,0.41379405356557686,0.015532916790662623
RETFOUND_MAE_CFP_FROZEN_PCA128_SVM,123,ODIR,S000397,ODIR,AMD_DRY,AMD_DRY,1,0.5594179407346264,0.4297872699368832,0.010794789328490238
RETFOUND_MAE_CFP_FROZEN_PCA128_SVM,123,ODIR,S000398,ODIR,AMD_DRY,AMD_DRY,1,0.9648302956422338,0.0303866490267714,0.0047830553309947425
RETFOUND_MAE_CFP_FROZEN_PCA128_SVM,123,ODIR,S000399,ODIR,AMD_DRY,AMD_WET,0,0.0030669504667615107,0.9965983242718237,0.00033472526141511733
RETFOUND_MAE_CFP_FROZEN_PCA128_SVM,123,ODIR,S000400,ODIR,AMD_DRY,AMD_WET,0,0.006938298480386106,0.9912719067500962,0.001789794769517559
RETFOUND_MAE_CFP_FROZEN_PCA128_SVM,123,ODIR,S000401,ODIR,AMD_DRY,AMD_DRY,1,0.917639568619501,0.06788592553327832,0.014474505847220827
RETFOUND_MAE_CFP_FROZEN_PCA128_SVM,123,ODIR,S000402,ODIR,AMD_DRY,AMD_DRY,1,0.8804650401146943,0.1038624089892114,0.01567255089609424
RETFOUND_MAE_CFP_FROZEN_PCA128_SVM,123,ODIR,S000403,ODIR,AMD_DRY,AMD_DRY,1,0.7112420120506043,0.25902394360787,0.02973404434152551
RETFOUND_MAE_CFP_FROZEN_PCA128_SVM,123,ODIR,S000404,ODIR,AMD_DRY,AMD_WET,0,0.25348442818370615,0.7183853942129603,0.028130177603333407
RETFOUND_MAE_CFP_FROZEN_PCA128_SVM,123,ODIR,S000405,ODIR,AMD_DRY,AMD_DRY,1,0.8481754548209819,0.12642241225514195,0.025402132923876
RETFOUND_MAE_CFP_FROZEN_PCA128_SVM,123,ODIR,S000406,ODIR,AMD_DRY,AMD_DRY,1,0.7754651219471775,0.18785184634820234,0.036683031704620075
RETFOUND_MAE_CFP_FROZEN_PCA128_SVM,123,ODIR,S000407,ODIR,AMD_DRY,AMD_WET,0,0.015878258652452848,0.9817053190308693,0.0024164223166776152
RETFOUND_MAE_CFP_FROZEN_PCA128_SVM,123,ODIR,S000408,ODIR,AMD_DRY,AMD_WET,0,0.2855177033530775,0.42028015081072134,0.29420214583620086
RETFOUND_MAE_CFP_FROZEN_PCA128_SVM,123,ODIR,S000409,ODIR,AMD_DRY,AMD_DRY,1,0.713328537417364,0.26666529789037346,0.020006164692262365
RETFOUND_MAE_CFP_FROZEN_PCA128_SVM,123,ODIR,S000410,ODIR,AMD_DRY,AMD_DRY,1,0.4779780375453042,0.4629981256728813,0.059023836781814304
RETFOUND_MAE_CFP_FROZEN_PCA128_SVM,123,ODIR,S000411,ODIR,AMD_DRY,AMD_WET,0,0.06195849184254159,0.9176779864207715,0.020363521736686856
RETFOUND_MAE_CFP_FROZEN_PCA128_SVM,123,ODIR,S000412,ODIR,AMD_DRY,AMD_DRY,1,0.49480982178992194,0.43460906624317663,0.0705811119669017
RETFOUND_MAE_CFP_FROZEN_PCA128_SVM,123,ODIR,S000413,ODIR,AMD_DRY,NORMAL,0,0.3142439811357403,0.28986352796715603,0.3958924908971034
RETFOUND_MAE_CFP_FROZEN_PCA128_SVM,123,ODIR,S000414,ODIR,AMD_DRY,AMD_WET,0,0.12322073779007027,0.8702255025456889,0.006553759664241107
RETFOUND_MAE_CFP_FROZEN_PCA128_SVM,123,ODIR,S000415,ODIR,AMD_DRY,AMD_WET,0,0.45033384969391216,0.5198367386132211,0.029829411692866854
RETFOUND_MAE_CFP_FROZEN_PCA128_SVM,123,ODIR,S000416,ODIR,AMD_DRY,AMD_WET,0,0.19081428959115912,0.5589221069827114,0.25026360342612924
RETFOUND_MAE_CFP_FROZEN_PCA128_SVM,123,ODIR,S000417,ODIR,AMD_DRY,AMD_DRY,1,0.8586618849346571,0.13520975352786702,0.006128361537475839
RETFOUND_MAE_CFP_FROZEN_PCA128_SVM,123,ODIR,S000418,ODIR,AMD_DRY,AMD_WET,0,0.05963626356603488,0.9377674738560592,0.002596262577905905
RETFOUND_MAE_CFP_FROZEN_PCA128_SVM,123,ODIR,S000419,ODIR,AMD_DRY,AMD_DRY,1,0.815471604192778,0.16746445113504263,0.017063944672179636
RETFOUND_MAE_CFP_FROZEN_PCA128_SVM,123,ODIR,S000420,ODIR,AMD_DRY,AMD_DRY,1,0.5681466336178927,0.3598832005325308,0.07197016584957629
RETFOUND_MAE_CFP_FROZEN_PCA128_SVM,123,ODIR,S000421,ODIR,AMD_DRY,AMD_WET,0,0.14384317951146497,0.8330792988142837,0.023077521674251394
RETFOUND_MAE_CFP_FROZEN_PCA128_SVM,123,ODIR,S000422,ODIR,AMD_DRY,AMD_WET,0,0.18625223372206823,0.7757705564249352,0.037977209852996456
RETFOUND_MAE_CFP_FROZEN_PCA128_SVM,123,ODIR,S000423,ODIR,AMD_DRY,AMD_WET,0,0.017572904741810284,0.9775538807034065,0.004873214554783175
RETFOUND_MAE_CFP_FROZEN_PCA128_SVM,123,ODIR,S000424,ODIR,AMD_DRY,NORMAL,0,0.13620113279755977,0.1353703393112163,0.7284285278912237
RETFOUND_MAE_CFP_FROZEN_PCA128_SVM,123,ODIR,S000425,ODIR,AMD_DRY,AMD_DRY,1,0.9184644376132558,0.06853505224496206,0.013000510141782065
RETFOUND_MAE_CFP_FROZEN_PCA128_SVM,123,ODIR,S000426,ODIR,AMD_DRY,AMD_WET,0,0.1921506892443692,0.6980030577786268,0.10984625297700423
RETFOUND_MAE_CFP_FROZEN_PCA128_SVM,123,ODIR,S000427,ODIR,AMD_DRY,AMD_WET,0,0.11933696846384677,0.8071270654253251,0.07353596611082801
RETFOUND_MAE_CFP_FROZEN_PCA128_SVM,123,ODIR,S000428,ODIR,AMD_DRY,NORMAL,0,0.404235778444931,0.07071705582081554,0.5250471657342536
RETFOUND_MAE_CFP_FROZEN_PCA128_SVM,123,ODIR,S000429,ODIR,AMD_DRY,AMD_DRY,1,0.7143290399943036,0.28213873467664935,0.0035322253290468743
RETFOUND_MAE_CFP_FROZEN_PCA128_SVM,123,ODIR,S000430,ODIR,AMD_DRY,AMD_WET,0,0.1568456816254871,0.8382532715482746,0.00490104682623843
RETFOUND_MAE_CFP_FROZEN_PCA128_SVM,123,ODIR,S000431,ODIR,AMD_DRY,AMD_DRY,1,0.9502822711872351,0.04450925896194615,0.005208469850818779
RETFOUND_MAE_CFP_FROZEN_PCA128_SVM,123,ODIR,S000432,ODIR,AMD_DRY,AMD_DRY,1,0.9043385916293925,0.05940597232355101,0.03625543604705643
RETFOUND_MAE_CFP_FROZEN_PCA128_SVM,123,ODIR,S000433,ODIR,AMD_DRY,AMD_DRY,1,0.8617493851598085,0.12728755940562184,0.010963055434569853
RETFOUND_MAE_CFP_FROZEN_PCA128_SVM,123,ODIR,S000434,ODIR,AMD_DRY,AMD_DRY,1,0.5376906970741198,0.42581723784233677,0.03649206508354339
RETFOUND_MAE_CFP_FROZEN_PCA128_SVM,123,ODIR,S000435,ODIR,AMD_DRY,AMD_DRY,1,0.5293242424390124,0.44902984452694245,0.02164591303404535
RETFOUND_MAE_CFP_FROZEN_PCA128_SVM,123,ODIR,S000436,ODIR,AMD_DRY,AMD_WET,0,0.18613356491098565,0.7994976782228826,0.014368756866131571
RETFOUND_MAE_CFP_FROZEN_PCA128_SVM,123,ODIR,S000437,ODIR,AMD_DRY,AMD_WET,0,0.1506829370440232,0.7079990088290743,0.1413180541269026
RETFOUND_MAE_CFP_FROZEN_PCA128_SVM,123,ODIR,S000438,ODIR,AMD_DRY,AMD_WET,0,0.08866209544551434,0.8533225557297703,0.05801534882471526
RETFOUND_MAE_CFP_FROZEN_PCA128_SVM,123,ODIR,S000439,ODIR,AMD_DRY,AMD_WET,0,0.06068104272483171,0.91363999767038,0.025678959604788394
RETFOUND_MAE_CFP_FROZEN_PCA128_SVM,123,ODIR,S000440,ODIR,AMD_DRY,NORMAL,0,0.21741792072815125,0.15364798117550618,0.6289340980963425
RETFOUND_MAE_CFP_FROZEN_PCA128_SVM,123,ODIR,S000441,ODIR,AMD_DRY,AMD_DRY,1,0.6399731299514301,0.3439253481295998,0.016101521918970026
RETFOUND_MAE_CFP_FROZEN_PCA128_SVM,123,ODIR,S000442,ODIR,AMD_DRY,NORMAL,0,0.35782079283318335,0.21944516894998597,0.4227340382168305
RETFOUND_MAE_CFP_FROZEN_PCA128_SVM,123,ODIR,S000443,ODIR,AMD_DRY,AMD_WET,0,0.21921186199795095,0.7749705711916626,0.005817566810386418
RETFOUND_MAE_CFP_FROZEN_PCA128_SVM,123,ODIR,S000444,ODIR,AMD_DRY,AMD_DRY,1,0.409818071401623,0.19425557094595658,0.3959263576524201
RETFOUND_MAE_CFP_FROZEN_PCA128_SVM,123,ODIR,S000445,ODIR,AMD_WET,AMD_DRY,0,0.8492915646274064,0.14952585420172534,0.001182581170868065
RETFOUND_MAE_CFP_FROZEN_PCA128_SVM,123,ODIR,S000446,ODIR,AMD_WET,AMD_WET,1,0.10298364527130624,0.8816381039019902,0.015378250826703799
RETFOUND_MAE_CFP_FROZEN_PCA128_SVM,123,ODIR,S000447,ODIR,AMD_WET,AMD_WET,1,0.0359059589194086,0.9620931693342027,0.00200087174638865
RETFOUND_MAE_CFP_FROZEN_PCA128_SVM,123,ODIR,S000448,ODIR,AMD_WET,AMD_WET,1,2.079899669180678e-06,0.9995205256526177,0.00047739444771295456
RETFOUND_MAE_CFP_FROZEN_PCA128_SVM,123,ODIR,S000449,ODIR,AMD_WET,AMD_WET,1,0.0811869678098925,0.9133657605334904,0.005447271656617054
RETFOUND_MAE_CFP_FROZEN_PCA128_SVM,123,ODIR,S000450,ODIR,AMD_WET,AMD_WET,1,0.0055535770603761265,0.9923147131776326,0.002131709761991286
RETFOUND_MAE_CFP_FROZEN_PCA128_SVM,123,ODIR,S000451,ODIR,AMD_WET,AMD_WET,1,0.030187754245340884,0.9436883963458658,0.026123849408793448
RETFOUND_MAE_CFP_FROZEN_PCA128_SVM,123,ODIR,S000452,ODIR,AMD_WET,NORMAL,0,0.12721384233181957,0.4199452274506191,0.4528409302175611
RETFOUND_MAE_CFP_FROZEN_PCA128_SVM,123,ODIR,S000453,ODIR,AMD_WET,AMD_WET,1,0.09707631310018318,0.8994149801393007,0.003508706760516042
RETFOUND_MAE_CFP_FROZEN_PCA128_SVM,123,ODIR,S000454,ODIR,AMD_WET,AMD_WET,1,0.01243467970392999,0.9841912426631066,0.00337407763296352
RETFOUND_MAE_CFP_FROZEN_PCA128_SVM,123,ODIR,S000455,ODIR,AMD_WET,AMD_WET,1,0.04471635823131527,0.9513426430583255,0.003940998710359224
RETFOUND_MAE_CFP_FROZEN_PCA128_SVM,123,ODIR,S000456,ODIR,AMD_WET,AMD_WET,1,2.985392471128401e-06,0.9990908717723502,0.0009061428351786633
RETFOUND_MAE_CFP_FROZEN_PCA128_SVM,123,ODIR,S000457,ODIR,AMD_WET,AMD_WET,1,0.03441736540494746,0.9200221371301206,0.04556049746493201
RETFOUND_MAE_CFP_FROZEN_PCA128_SVM,123,ODIR,S000458,ODIR,AMD_WET,AMD_WET,1,0.03262938524890696,0.9629346182566959,0.004435996494396842
RETFOUND_MAE_CFP_FROZEN_PCA128_SVM,123,ODIR,S000459,ODIR,AMD_WET,AMD_WET,1,0.1130687671102395,0.7897070766728849,0.0972241562168756
RETFOUND_MAE_CFP_FROZEN_PCA128_SVM,123,ODIR,S000460,ODIR,AMD_WET,AMD_WET,1,0.1636907906953222,0.7014331329585808,0.13487607634609666
RETFOUND_MAE_CFP_FROZEN_PCA128_SVM,123,ODIR,S000461,ODIR,AMD_WET,AMD_WET,1,0.26550543202035815,0.7209108186905485,0.013583749289093455
RETFOUND_MAE_CFP_FROZEN_PCA128_SVM,123,ODIR,S000462,ODIR,AMD_WET,AMD_WET,1,0.023097234858068395,0.9757895483672154,0.00111321677471617
RETFOUND_MAE_CFP_FROZEN_PCA128_SVM,123,ODIR,S000463,ODIR,AMD_WET,AMD_WET,1,0.015014416521659007,0.9774454427330523,0.007540140745288554
RETFOUND_MAE_CFP_FROZEN_PCA128_SVM,123,ODIR,S000464,ODIR,AMD_WET,AMD_WET,1,0.039659017905095406,0.9517344687813954,0.008606513313508923
RETFOUND_MAE_CFP_FROZEN_PCA128_SVM,123,ODIR,S000465,ODIR,AMD_WET,AMD_WET,1,0.21154529597001068,0.6830954886652393,0.10535921536475004
RETFOUND_MAE_CFP_FROZEN_PCA128_SVM,123,ODIR,S000466,ODIR,AMD_WET,AMD_WET,1,0.00907237413430242,0.9815369177218687,0.009390708143828542
RETFOUND_MAE_CFP_FROZEN_PCA128_SVM,123,ODIR,S000467,ODIR,AMD_WET,AMD_WET,1,0.01468883643856705,0.9802937826259553,0.005017380935477559
RETFOUND_MAE_CFP_FROZEN_PCA128_SVM,123,ODIR,S000468,ODIR,AMD_WET,AMD_WET,1,0.0016991837977309288,0.9974113622485694,0.0008894539536996994
RETFOUND_MAE_CFP_FROZEN_PCA128_SVM,123,ODIR,S000469,ODIR,AMD_WET,AMD_WET,1,0.019513952622561597,0.9776621191642227,0.002823928213215833
RETFOUND_MAE_CFP_FROZEN_PCA128_SVM,123,ODIR,S000470,ODIR,AMD_WET,AMD_WET,1,1.5847141239522695e-06,0.9993759766339672,0.0006224386519087975
RETFOUND_MAE_CFP_FROZEN_PCA128_SVM,123,ODIR,S000471,ODIR,AMD_WET,AMD_WET,1,0.16545600600288798,0.7425383073892138,0.09200568660789804
RETFOUND_MAE_CFP_FROZEN_PCA128_SVM,123,ODIR,S000472,ODIR,AMD_WET,AMD_WET,1,0.2154325828703106,0.6439220417737559,0.14064537535593327
RETFOUND_MAE_CFP_FROZEN_PCA128_SVM,123,RFMID,S000473,RFMID,NORMAL,NORMAL,1,0.0748688619288886,0.24565990941145457,0.679471228659657
RETFOUND_MAE_CFP_FROZEN_PCA128_SVM,123,RFMID,S000474,RFMID,NORMAL,NORMAL,1,0.018114760125866766,0.20750657463070377,0.7743786652434292
RETFOUND_MAE_CFP_FROZEN_PCA128_SVM,123,RFMID,S000475,RFMID,NORMAL,NORMAL,1,0.05806572836352952,0.43653880264535405,0.5053954689911162
RETFOUND_MAE_CFP_FROZEN_PCA128_SVM,123,RFMID,S000476,RFMID,NORMAL,AMD_WET,0,0.2610895744329367,0.4857298935227843,0.25318053204427887
RETFOUND_MAE_CFP_FROZEN_PCA128_SVM,123,RFMID,S000477,RFMID,NORMAL,NORMAL,1,0.09775080564199005,0.37309299032628584,0.5291562040317238
RETFOUND_MAE_CFP_FROZEN_PCA128_SVM,123,RFMID,S000478,RFMID,NORMAL,AMD_DRY,0,0.6386494380285094,0.08637207430027047,0.27497848767121996
RETFOUND_MAE_CFP_FROZEN_PCA128_SVM,123,RFMID,S000479,RFMID,NORMAL,NORMAL,1,0.06654289434220724,0.048674480084718114,0.8847826255730745
RETFOUND_MAE_CFP_FROZEN_PCA128_SVM,123,RFMID,S000480,RFMID,NORMAL,NORMAL,1,0.015405610360691073,0.01082962350073341,0.9737647661385755
RETFOUND_MAE_CFP_FROZEN_PCA128_SVM,123,RFMID,S000481,RFMID,NORMAL,NORMAL,1,0.14209028614190514,0.12749261093937492,0.7304171029187201
RETFOUND_MAE_CFP_FROZEN_PCA128_SVM,123,RFMID,S000482,RFMID,NORMAL,NORMAL,1,0.13977371316800247,0.00998389350899138,0.850242393323006
RETFOUND_MAE_CFP_FROZEN_PCA128_SVM,123,RFMID,S000483,RFMID,NORMAL,NORMAL,1,0.004808780282743862,0.04647367122778204,0.9487175484894735
RETFOUND_MAE_CFP_FROZEN_PCA128_SVM,123,RFMID,S000484,RFMID,NORMAL,AMD_WET,0,0.2112250939391948,0.47353855770561276,0.31523634835519243
RETFOUND_MAE_CFP_FROZEN_PCA128_SVM,123,RFMID,S000485,RFMID,NORMAL,NORMAL,1,0.2787493947757239,0.1976403816726172,0.523610223551659
RETFOUND_MAE_CFP_FROZEN_PCA128_SVM,123,RFMID,S000486,RFMID,NORMAL,NORMAL,1,0.05406899480659513,0.12598853564654308,0.819942469546862
RETFOUND_MAE_CFP_FROZEN_PCA128_SVM,123,RFMID,S000487,RFMID,NORMAL,NORMAL,1,0.009332156629706335,0.022940709795818883,0.9677271335744749
RETFOUND_MAE_CFP_FROZEN_PCA128_SVM,123,RFMID,S000488,RFMID,NORMAL,NORMAL,1,0.04937671676547838,0.033243148536772286,0.9173801346977491
RETFOUND_MAE_CFP_FROZEN_PCA128_SVM,123,RFMID,S000489,RFMID,NORMAL,NORMAL,1,0.29812523001324553,0.05806446970364479,0.6438103002831096
RETFOUND_MAE_CFP_FROZEN_PCA128_SVM,123,RFMID,S000490,RFMID,NORMAL,NORMAL,1,0.035357058103004775,0.3924521155997147,0.5721908262972806
RETFOUND_MAE_CFP_FROZEN_PCA128_SVM,123,RFMID,S000491,RFMID,NORMAL,AMD_WET,0,0.24274537916991484,0.4962582698545726,0.26099635097551255
RETFOUND_MAE_CFP_FROZEN_PCA128_SVM,123,RFMID,S000492,RFMID,NORMAL,NORMAL,1,0.0077301579222145995,0.2834768764141254,0.7087929656636603
RETFOUND_MAE_CFP_FROZEN_PCA128_SVM,123,RFMID,S000493,RFMID,NORMAL,NORMAL,1,0.007955796083249606,0.183866885239471,0.8081773186772793
RETFOUND_MAE_CFP_FROZEN_PCA128_SVM,123,RFMID,S000494,RFMID,NORMAL,NORMAL,1,0.33637969488166314,0.06087041180913416,0.6027498933092026
RETFOUND_MAE_CFP_FROZEN_PCA128_SVM,123,RFMID,S000495,RFMID,NORMAL,NORMAL,1,0.29945113980412125,0.03081585711044532,0.6697330030854333
RETFOUND_MAE_CFP_FROZEN_PCA128_SVM,123,RFMID,S000496,RFMID,NORMAL,NORMAL,1,0.12648535606653444,0.2680174901719812,0.6054971537614842
RETFOUND_MAE_CFP_FROZEN_PCA128_SVM,123,RFMID,S000497,RFMID,NORMAL,NORMAL,1,0.0015611433939669494,0.009990562750453815,0.9884482938555793
RETFOUND_MAE_CFP_FROZEN_PCA128_SVM,123,RFMID,S000498,RFMID,NORMAL,AMD_DRY,0,0.44631663641829505,0.2912887880873666,0.26239457549433826
RETFOUND_MAE_CFP_FROZEN_PCA128_SVM,123,RFMID,S000499,RFMID,NORMAL,AMD_WET,0,0.11065412998051333,0.5253027087589598,0.36404316126052666
RETFOUND_MAE_CFP_FROZEN_PCA128_SVM,123,RFMID,S000500,RFMID,NORMAL,NORMAL,1,0.15476177357461374,0.1140759394858064,0.73116228693958
RETFOUND_MAE_CFP_FROZEN_PCA128_SVM,123,RFMID,S000501,RFMID,NORMAL,NORMAL,1,0.08832600202539602,0.0315190731481708,0.8801549248264333
RETFOUND_MAE_CFP_FROZEN_PCA128_SVM,123,RFMID,S000502,RFMID,NORMAL,NORMAL,1,0.053551063354446225,0.11882315673579576,0.8276257799097579
RETFOUND_MAE_CFP_FROZEN_PCA128_SVM,123,RFMID,S000503,RFMID,NORMAL,NORMAL,1,0.06363262182489518,0.03784532874910952,0.8985220494259955
RETFOUND_MAE_CFP_FROZEN_PCA128_SVM,123,RFMID,S000504,RFMID,NORMAL,NORMAL,1,0.1606029498416002,0.05206912379451895,0.7873279263638808
RETFOUND_MAE_CFP_FROZEN_PCA128_SVM,123,RFMID,S000505,RFMID,NORMAL,NORMAL,1,0.2903603737700785,0.017332253402827905,0.6923073728270936
RETFOUND_MAE_CFP_FROZEN_PCA128_SVM,123,RFMID,S000506,RFMID,NORMAL,NORMAL,1,0.07520948580877228,0.3147275685854142,0.6100629456058133
RETFOUND_MAE_CFP_FROZEN_PCA128_SVM,123,RFMID,S000507,RFMID,NORMAL,NORMAL,1,0.0194227985823636,0.010309393864391272,0.970267807553245
RETFOUND_MAE_CFP_FROZEN_PCA128_SVM,123,RFMID,S000508,RFMID,NORMAL,NORMAL,1,0.1455610460163834,0.1942038236277961,0.6602351303558205
RETFOUND_MAE_CFP_FROZEN_PCA128_SVM,123,RFMID,S000509,RFMID,NORMAL,NORMAL,1,0.011411474839074068,0.0034030488148019174,0.9851854763461239
RETFOUND_MAE_CFP_FROZEN_PCA128_SVM,123,RFMID,S000510,RFMID,NORMAL,AMD_DRY,0,0.41788916217824906,0.23663033707258213,0.3454805007491689
RETFOUND_MAE_CFP_FROZEN_PCA128_SVM,123,RFMID,S000511,RFMID,NORMAL,NORMAL,1,0.09580185225558996,0.29214355812500936,0.6120545896194005
RETFOUND_MAE_CFP_FROZEN_PCA128_SVM,123,RFMID,S000512,RFMID,NORMAL,NORMAL,1,0.18981733028364123,0.041280965481778786,0.7689017042345798
RETFOUND_MAE_CFP_FROZEN_PCA128_SVM,123,RFMID,S000513,RFMID,NORMAL,AMD_WET,0,0.27849284042652583,0.4879717466674756,0.23353541290599866
RETFOUND_MAE_CFP_FROZEN_PCA128_SVM,123,RFMID,S000514,RFMID,NORMAL,NORMAL,1,0.03647848600487445,0.04667291945536916,0.9168485945397564
RETFOUND_MAE_CFP_FROZEN_PCA128_SVM,123,RFMID,S000515,RFMID,NORMAL,NORMAL,1,0.1467244410797369,0.07056350574314714,0.7827120531771158
RETFOUND_MAE_CFP_FROZEN_PCA128_SVM,123,RFMID,S000516,RFMID,NORMAL,NORMAL,1,0.0340771721009931,0.08001921442638985,0.885903613472617
RETFOUND_MAE_CFP_FROZEN_PCA128_SVM,123,RFMID,S000517,RFMID,NORMAL,NORMAL,1,0.2743909144231166,0.32036514066060146,0.40524394491628174
RETFOUND_MAE_CFP_FROZEN_PCA128_SVM,123,RFMID,S000518,RFMID,NORMAL,NORMAL,1,0.041205468020319144,0.005482715787066025,0.953311816192615
RETFOUND_MAE_CFP_FROZEN_PCA128_SVM,123,RFMID,S000519,RFMID,NORMAL,AMD_DRY,0,0.7510066932876782,0.04295171226317376,0.2060415944491481
RETFOUND_MAE_CFP_FROZEN_PCA128_SVM,123,RFMID,S000520,RFMID,NORMAL,NORMAL,1,0.1989650507643203,0.17203045917446844,0.6290044900612112
RETFOUND_MAE_CFP_FROZEN_PCA128_SVM,123,RFMID,S000521,RFMID,NORMAL,NORMAL,1,0.11249371691946733,0.025551496813913038,0.8619547862666198
RETFOUND_MAE_CFP_FROZEN_PCA128_SVM,123,RFMID,S000522,RFMID,NORMAL,NORMAL,1,0.26027502667525376,0.3044764653414793,0.435248507983267
RETFOUND_MAE_CFP_FROZEN_PCA128_SVM,123,RFMID,S000523,RFMID,NORMAL,NORMAL,1,0.006162079050329409,0.002803678207674455,0.991034242741996
RETFOUND_MAE_CFP_FROZEN_PCA128_SVM,123,RFMID,S000524,RFMID,NORMAL,NORMAL,1,0.03663736470380283,0.20760604439284516,0.7557565909033517
RETFOUND_MAE_CFP_FROZEN_PCA128_SVM,123,RFMID,S000525,RFMID,NORMAL,NORMAL,1,0.16983942604397814,0.04539773127477932,0.7847628426812425
RETFOUND_MAE_CFP_FROZEN_PCA128_SVM,123,RFMID,S000526,RFMID,NORMAL,AMD_WET,0,0.017498406816768234,0.7567598585525203,0.22574173463071143
RETFOUND_MAE_CFP_FROZEN_PCA128_SVM,123,RFMID,S000527,RFMID,NORMAL,NORMAL,1,0.2771486114520291,0.0531943054416346,0.6696570831063361
RETFOUND_MAE_CFP_FROZEN_PCA128_SVM,123,RFMID,S000528,RFMID,NORMAL,NORMAL,1,0.032201473483310226,0.14728395895615137,0.8205145675605383
RETFOUND_MAE_CFP_FROZEN_PCA128_SVM,123,RFMID,S000529,RFMID,NORMAL,NORMAL,1,0.1820018389516383,0.1665859539918263,0.6514122070565354
RETFOUND_MAE_CFP_FROZEN_PCA128_SVM,123,RFMID,S000530,RFMID,NORMAL,NORMAL,1,0.09592712655968211,0.1869937343400913,0.7170791391002265
RETFOUND_MAE_CFP_FROZEN_PCA128_SVM,123,RFMID,S000531,RFMID,NORMAL,NORMAL,1,0.06965340723425835,0.2658138452500237,0.6645327475157179
RETFOUND_MAE_CFP_FROZEN_PCA128_SVM,123,RFMID,S000532,RFMID,NORMAL,NORMAL,1,0.048095072314526414,0.013441168938477108,0.9384637587469965
RETFOUND_MAE_CFP_FROZEN_PCA128_SVM,123,RFMID,S000533,RFMID,NORMAL,NORMAL,1,0.023813121732497937,0.07192650039990038,0.9042603778676016
RETFOUND_MAE_CFP_FROZEN_PCA128_SVM,123,RFMID,S000534,RFMID,NORMAL,NORMAL,1,0.024454398883020135,0.07814743896082463,0.8973981621561553
RETFOUND_MAE_CFP_FROZEN_PCA128_SVM,123,RFMID,S000535,RFMID,NORMAL,AMD_DRY,0,0.5725920040725206,0.025631336943889235,0.4017766589835903
RETFOUND_MAE_CFP_FROZEN_PCA128_SVM,123,RFMID,S000536,RFMID,AMD_DRY,AMD_DRY,1,0.8358018776947334,0.1492414893011267,0.014956633004139894
RETFOUND_MAE_CFP_FROZEN_PCA128_SVM,123,RFMID,S000537,RFMID,AMD_DRY,AMD_DRY,1,0.9181648790602642,0.068653940014327,0.013181180925408983
RETFOUND_MAE_CFP_FROZEN_PCA128_SVM,123,RFMID,S000538,RFMID,AMD_DRY,AMD_WET,0,0.14998155811702157,0.838564197282061,0.011454244600917582
RETFOUND_MAE_CFP_FROZEN_PCA128_SVM,123,RFMID,S000539,RFMID,AMD_DRY,AMD_DRY,1,0.6054104885332205,0.388120734872395,0.006468776594384503
RETFOUND_MAE_CFP_FROZEN_PCA128_SVM,123,RFMID,S000540,RFMID,AMD_DRY,AMD_DRY,1,0.6791189067446304,0.3034514932775973,0.0174295999777724
RETFOUND_MAE_CFP_FROZEN_PCA128_SVM,123,RFMID,S000541,RFMID,AMD_DRY,AMD_WET,0,0.3492962015483025,0.6373220117394076,0.013381786712289631
RETFOUND_MAE_CFP_FROZEN_PCA128_SVM,123,RFMID,S000542,RFMID,AMD_DRY,AMD_WET,0,0.24604520948299105,0.74882419258503,0.005130597931979274
RETFOUND_MAE_CFP_FROZEN_PCA128_SVM,123,RFMID,S000543,RFMID,AMD_DRY,AMD_DRY,1,0.5168132450494499,0.47489701320596633,0.008289741744583665
RETFOUND_MAE_CFP_FROZEN_PCA128_SVM,123,RFMID,S000544,RFMID,AMD_WET,AMD_WET,1,0.09171840353916698,0.8855574554781215,0.0227241409827117
RETFOUND_MAE_CFP_FROZEN_PCA128_SVM,123,RFMID,S000545,RFMID,AMD_WET,AMD_DRY,0,0.6326966003223357,0.364795056110377,0.002508343567287316
RETFOUND_MAE_CFP_FROZEN_PCA128_SVM,123,RFMID,S000546,RFMID,AMD_WET,AMD_WET,1,0.10135267118779179,0.8759429188788279,0.02270440993338047
RETFOUND_MAE_CFP_FROZEN_PCA128_SVM,123,RFMID,S000547,RFMID,AMD_WET,AMD_DRY,0,0.5261109778278834,0.45241495530757514,0.02147406686454147
RETFOUND_MAE_CFP_FROZEN_PCA128_SVM,123,RFMID,S000548,RFMID,AMD_WET,AMD_WET,1,0.12756712401771098,0.8445816154361152,0.02785126054617385
RETFOUND_MAE_CFP_FROZEN_PCA128_SVM,123,RFMID,S000549,RFMID,AMD_WET,AMD_WET,1,9.690517194024102e-07,0.9996144375607903,0.00038459338749030777
RETFOUND_MAE_CFP_FROZEN_PCA128_SVM,123,RFMID,S000550,RFMID,AMD_WET,AMD_WET,1,0.003130841649325104,0.9962206815256351,0.0006484768250400123
RETFOUND_MAE_CFP_FROZEN_PCA128_SVM,123,RFMID,S000551,RFMID,AMD_WET,AMD_WET,1,1.3001223872964175e-06,0.9999739032083974,2.4796669215368296e-05
RETFOUND_MAE_CFP_FROZEN_PCA128_SVM,123,RFMID,S000552,RFMID,AMD_WET,AMD_WET,1,0.09521589420110185,0.8855330067037159,0.019251099095182148
RETFOUND_MAE_CFP_FROZEN_PCA128_SVM,123,RFMID,S000553,RFMID,AMD_WET,AMD_WET,1,0.09704429898365417,0.8754219149514025,0.02753378606494332
RETFOUND_MAE_CFP_FROZEN_PCA128_SVM,123,RFMID,S000554,RFMID,AMD_WET,AMD_WET,1,0.013950349042897736,0.9819593569983593,0.004090293958742601
RETFOUND_MAE_CFP_FROZEN_PCA128_SVM,123,RFMID,S000555,RFMID,AMD_WET,AMD_WET,1,0.0077497557556761455,0.990763107885224,0.0014871363591000353
RETFOUND_MAE_CFP_FROZEN_PCA128_SVM,123,RFMID,S000556,RFMID,AMD_WET,AMD_WET,1,0.007038198638721895,0.9905382836592521,0.0024235177020259166
RETFOUND_MAE_CFP_FROZEN_PCA128_SVM,123,RFMID,S000557,RFMID,AMD_WET,AMD_WET,1,2.7482373795155366e-07,0.9999439154597147,5.5809716547148467e-05
RETFOUND_MAE_CFP_FROZEN_PCA128_SVM,123,RFMID,S000558,RFMID,AMD_WET,AMD_WET,1,0.004314730170384518,0.9942446592666021,0.0014406105630132315
RETFOUND_MAE_CFP_FROZEN_PCA128_SVM,123,RFMID,S000559,RFMID,AMD_WET,AMD_WET,1,0.04133236739562282,0.9538005418473781,0.0048670907569988995
RETFOUND_MAE_CFP_FROZEN_PCA128_SVM,123,RFMID,S000560,RFMID,AMD_WET,AMD_WET,1,0.10221178371563222,0.8934065813138415,0.00438163497052621
RETFOUND_MAE_CFP_FROZEN_PCA128_SVM,123,RFMID,S000561,RFMID,AMD_WET,AMD_WET,1,0.007944638753272329,0.9899015381798253,0.0021538230669025816
RETFOUND_MAE_CFP_FROZEN_PCA128_SVM,123,RFMID,S000562,RFMID,AMD_WET,AMD_WET,1,0.10856222191633583,0.8899541028541942,0.001483675229469914
RETFOUND_MAE_CFP_FROZEN_PCA128_SVM,123,RFMID,S000563,RFMID,AMD_WET,AMD_WET,1,0.011377916681854347,0.9869447774634741,0.0016773058546717078
RETFOUND_MAE_CFP_FROZEN_PCA128_SVM,123,RFMID,S000564,RFMID,AMD_WET,AMD_WET,1,0.0793482691127923,0.9189361794039937,0.0017155514832138713
RETFOUND_MAE_CFP_FROZEN_PCA128_SVM,123,RFMID,S000565,RFMID,AMD_WET,AMD_WET,1,0.014700006217087124,0.9852203692415274,7.96245413854697e-05
RETFOUND_MAE_CFP_FROZEN_PCA128_SVM,123,RFMID,S000566,RFMID,AMD_WET,AMD_WET,1,0.0018691770747743517,0.9977025913758698,0.0004282315493556646
RETFOUND_MAE_CFP_FROZEN_PCA128_SVM,123,RFMID,S000567,RFMID,AMD_WET,AMD_WET,1,0.03630792885749104,0.95805212867541,0.005639942467098679
RETFOUND_MAE_CFP_FROZEN_PCA128_SVM,123,RFMID,S000568,RFMID,AMD_WET,AMD_WET,1,0.3741140610655389,0.6168802873964947,0.009005651537966328
RETFOUND_MAE_CFP_FROZEN_PCA128_SVM,123,RFMID,S000569,RFMID,AMD_WET,AMD_WET,1,0.00748519909974036,0.9916625155712752,0.0008522853289847956
RETFOUND_MAE_CFP_FROZEN_PCA128_SVM,123,RFMID,S000570,RFMID,AMD_WET,AMD_WET,1,0.010559121994417548,0.989334022172544,0.0001068558330384179
RETFOUND_MAE_CFP_FROZEN_PCA128_SVM,123,RFMID,S000571,RFMID,AMD_WET,AMD_WET,1,0.026321710719795482,0.9691180233324544,0.004560265947749975
RETFOUND_MAE_CFP_FROZEN_PCA128_SVM,123,RFMID,S000572,RFMID,AMD_WET,AMD_WET,1,0.037039310549300264,0.9597579083583646,0.0032027810923352107
RETFOUND_MAE_CFP_FROZEN_PCA128_SVM,123,RFMID,S000573,RFMID,AMD_WET,AMD_WET,1,0.44985663107461255,0.5242325984982679,0.025910770427119742
RETFOUND_MAE_CFP_FROZEN_PCA128_SVM,123,RFMID,S000574,RFMID,AMD_WET,AMD_WET,1,0.025936381741434256,0.9709257176877769,0.0031379005707889702
RETFOUND_MAE_CFP_FROZEN_PCA128_SVM,123,RFMID,S000575,RFMID,AMD_WET,AMD_WET,1,0.027930296935076343,0.9682718529518657,0.003797850113057904
RETFOUND_MAE_CFP_FROZEN_PCA128_SVM,123,RFMID,S000576,RFMID,AMD_WET,AMD_WET,1,0.005685842148826684,0.9929648812897016,0.001349276561471866
RETFOUND_MAE_CFP_FROZEN_PCA128_SVM,123,RFMID,S000577,RFMID,AMD_WET,AMD_WET,1,0.007947547623545955,0.9906680970229573,0.0013843553534967521
RETFOUND_MAE_CFP_FROZEN_PCA128_SVM,123,RFMID,S000578,RFMID,AMD_WET,AMD_WET,1,0.14107443630437974,0.8569691866393874,0.0019563770562329055
RETFOUND_MAE_CFP_FROZEN_PCA128_SVM,123,RFMID,S000579,RFMID,AMD_WET,AMD_WET,1,0.0197606600742485,0.9753310962059454,0.004908243719806159
RETFOUND_MAE_CFP_FROZEN_PCA128_SVM,123,RFMID,S000580,RFMID,AMD_WET,AMD_WET,1,0.004024248701495023,0.9938600883583528,0.0021156629401520503
RETFOUND_MAE_CFP_FROZEN_PCA128_SVM,123,RFMID,S000581,RFMID,AMD_WET,AMD_WET,1,0.030637873123205143,0.9661916816830327,0.003170445193761922
RETFOUND_MAE_CFP_FROZEN_PCA128_SVM,123,RFMID,S000582,RFMID,AMD_WET,AMD_WET,1,0.07414902074699453,0.9105716054088504,0.015279373844155264
RETFOUND_MAE_CFP_FROZEN_PCA128_SVM,123,RFMID,S000583,RFMID,AMD_WET,AMD_WET,1,0.0764832486443406,0.9103810975502044,0.013135653805455002
RETFOUND_MAE_CFP_FROZEN_PCA128_SVM,123,RFMID,S000584,RFMID,AMD_WET,AMD_WET,1,0.005235036853768645,0.9940587738543522,0.0007061892918792551
RETFOUND_MAE_CFP_FROZEN_PCA128_SVM,123,RFMID,S000585,RFMID,AMD_WET,AMD_WET,1,0.023667192255060792,0.9762856597082554,4.714803668376508e-05
RETFOUND_MAE_CFP_FROZEN_PCA128_SVM,123,RFMID,S000586,RFMID,AMD_WET,AMD_WET,1,0.06969569005545576,0.9225253249828813,0.007778984961662872
RETFOUND_MAE_CFP_FROZEN_PCA128_SVM,123,RFMID,S000587,RFMID,AMD_WET,AMD_WET,1,0.04109071451011833,0.9570784713470447,0.0018308141428369077
RETFOUND_MAE_CFP_FROZEN_PCA128_SVM,123,RFMID,S000588,RFMID,AMD_WET,AMD_DRY,0,0.5549166266473666,0.4196942534743618,0.025389119878271568
RETFOUND_MAE_CFP_FROZEN_PCA128_SVM,123,RFMID,S000589,RFMID,AMD_WET,AMD_WET,1,0.4210281462900685,0.5710455772076599,0.007926276502271781
RETFOUND_MAE_CFP_FROZEN_PCA128_SVM,123,RFMID,S000590,RFMID,AMD_WET,AMD_WET,1,0.04586729079867512,0.9473096277138072,0.006823081487517819
RETFOUND_MAE_CFP_FROZEN_PCA128_SVM,123,RFMID,S000591,RFMID,AMD_WET,AMD_WET,1,0.0031762905596516115,0.9963268780971004,0.0004968313432481752
RETFOUND_MAE_CFP_FROZEN_PCA128_SVM,123,RFMID,S000592,RFMID,AMD_WET,AMD_WET,1,0.0885126228797844,0.9024500164816102,0.009037360638605576
RETFOUND_MAE_CFP_FROZEN_PCA128_SVM,123,RFMID,S000593,RFMID,AMD_WET,AMD_WET,1,2.388828996198035e-07,0.9999372010872594,6.25600298410522e-05
RETFOUND_MAE_CFP_FROZEN_PCA128_SVM,123,RFMID,S000594,RFMID,AMD_WET,AMD_WET,1,0.07978015768403843,0.9171725371912898,0.003047305124671981
RETFOUND_MAE_CFP_FROZEN_PCA128_SVM,123,RFMID,S000595,RFMID,AMD_WET,AMD_WET,1,0.04062798517271684,0.9584738533912792,0.0008981614360037935
RETFOUND_MAE_CFP_FROZEN_PCA128_SVM,123,RFMID,S000596,RFMID,AMD_WET,AMD_WET,1,0.025272582495715283,0.9744563897712064,0.0002710277330781435
RETFOUND_MAE_CFP_FROZEN_PCA128_SVM,123,RFMID,S000597,RFMID,AMD_WET,AMD_WET,1,0.33171008418064896,0.6645036226424746,0.0037862931768761106
RETFOUND_MAE_CFP_FROZEN_PCA128_SVM,2026,ADAM,S000001,ADAM,AMD_DRY,AMD_DRY,1,0.8975995623856255,0.09072195917451434,0.011678478439860005
RETFOUND_MAE_CFP_FROZEN_PCA128_SVM,2026,ADAM,S000002,ADAM,AMD_DRY,NORMAL,0,0.004423355908434274,0.0024474384248351815,0.9931292056667307
RETFOUND_MAE_CFP_FROZEN_PCA128_SVM,2026,ADAM,S000003,ADAM,AMD_DRY,AMD_DRY,1,0.5922706317009431,0.03360160437277032,0.3741277639262866
RETFOUND_MAE_CFP_FROZEN_PCA128_SVM,2026,ADAM,S000004,ADAM,AMD_DRY,AMD_DRY,1,0.8200204309092581,0.008319670095067115,0.17165989899567485
RETFOUND_MAE_CFP_FROZEN_PCA128_SVM,2026,ADAM,S000005,ADAM,AMD_DRY,NORMAL,0,0.0015876533038911198,0.002401026064408899,0.9960113206316998
RETFOUND_MAE_CFP_FROZEN_PCA128_SVM,2026,ADAM,S000006,ADAM,AMD_DRY,AMD_DRY,1,0.9487183269423459,0.05110724769413711,0.00017442536351699732
RETFOUND_MAE_CFP_FROZEN_PCA128_SVM,2026,ADAM,S000007,ADAM,AMD_DRY,AMD_DRY,1,0.9960729401646129,0.0037018881545769306,0.00022517168081028852
RETFOUND_MAE_CFP_FROZEN_PCA128_SVM,2026,ADAM,S000008,ADAM,AMD_DRY,AMD_DRY,1,0.8347736370354665,0.1406874714823569,0.02453889148217695
RETFOUND_MAE_CFP_FROZEN_PCA128_SVM,2026,ADAM,S000009,ADAM,AMD_DRY,AMD_DRY,1,0.8402208613512676,0.15139228036580613,0.008386858282926197
RETFOUND_MAE_CFP_FROZEN_PCA128_SVM,2026,ADAM,S000010,ADAM,AMD_DRY,AMD_DRY,1,0.7563857117951082,0.18214297957161407,0.061471308633277745
RETFOUND_MAE_CFP_FROZEN_PCA128_SVM,2026,ADAM,S000011,ADAM,AMD_DRY,AMD_DRY,1,0.707777451931473,0.049566900801596835,0.24265564726693004
RETFOUND_MAE_CFP_FROZEN_PCA128_SVM,2026,ADAM,S000012,ADAM,AMD_DRY,AMD_DRY,1,0.7440610945868964,0.18489806323064203,0.07104084218246184
RETFOUND_MAE_CFP_FROZEN_PCA128_SVM,2026,ADAM,S000013,ADAM,AMD_DRY,AMD_DRY,1,0.977081160262479,0.01991780679609883,0.00300103294142232
RETFOUND_MAE_CFP_FROZEN_PCA128_SVM,2026,ADAM,S000014,ADAM,AMD_DRY,NORMAL,0,0.00185715965704352,0.0012548064771713571,0.9968880338657851
RETFOUND_MAE_CFP_FROZEN_PCA128_SVM,2026,ADAM,S000015,ADAM,AMD_DRY,AMD_DRY,1,0.9872640500757454,0.012512388750027886,0.00022356117422685925
RETFOUND_MAE_CFP_FROZEN_PCA128_SVM,2026,ADAM,S000016,ADAM,AMD_DRY,NORMAL,0,0.40740139500112094,0.14728551786419458,0.4453130871346844
RETFOUND_MAE_CFP_FROZEN_PCA128_SVM,2026,ADAM,S000017,ADAM,AMD_DRY,AMD_WET,0,0.3735437485855923,0.5241807046095286,0.10227554680487881
RETFOUND_MAE_CFP_FROZEN_PCA128_SVM,2026,ADAM,S000018,ADAM,AMD_DRY,NORMAL,0,0.20215504619505215,0.3600343764491036,0.4378105773558444
RETFOUND_MAE_CFP_FROZEN_PCA128_SVM,2026,ADAM,S000019,ADAM,AMD_DRY,NORMAL,0,0.3200738477682042,0.06649430174428525,0.6134318504875106
RETFOUND_MAE_CFP_FROZEN_PCA128_SVM,2026,ADAM,S000020,ADAM,AMD_DRY,AMD_DRY,1,0.6470241377172068,0.1049393990201735,0.24803646326261955
RETFOUND_MAE_CFP_FROZEN_PCA128_SVM,2026,ADAM,S000021,ADAM,AMD_DRY,NORMAL,0,0.04090475989234848,0.011397032977366883,0.9476982071302847
RETFOUND_MAE_CFP_FROZEN_PCA128_SVM,2026,ADAM,S000022,ADAM,AMD_DRY,NORMAL,0,0.2446035429030405,0.043514239348345175,0.7118822177486143
RETFOUND_MAE_CFP_FROZEN_PCA128_SVM,2026,ADAM,S000023,ADAM,AMD_DRY,AMD_WET,0,0.18197167193403735,0.8167506338511611,0.0012776942148016084
RETFOUND_MAE_CFP_FROZEN_PCA128_SVM,2026,ADAM,S000024,ADAM,AMD_DRY,NORMAL,0,0.3538683871687813,0.26359681912719996,0.3825347937040186
RETFOUND_MAE_CFP_FROZEN_PCA128_SVM,2026,ADAM,S000025,ADAM,AMD_DRY,NORMAL,0,0.08854179598910815,0.10073845445605475,0.8107197495548372
RETFOUND_MAE_CFP_FROZEN_PCA128_SVM,2026,ADAM,S000026,ADAM,AMD_DRY,AMD_DRY,1,0.9957708277085116,0.0026833912546521425,0.0015457810368361673
RETFOUND_MAE_CFP_FROZEN_PCA128_SVM,2026,ADAM,S000027,ADAM,AMD_DRY,NORMAL,0,0.1230331870807684,0.007807773053336126,0.8691590398658954
RETFOUND_MAE_CFP_FROZEN_PCA128_SVM,2026,ADAM,S000028,ADAM,AMD_DRY,NORMAL,0,0.005233358865534811,0.0034572965386080504,0.991309344595857
RETFOUND_MAE_CFP_FROZEN_PCA128_SVM,2026,ADAM,S000029,ADAM,AMD_DRY,NORMAL,0,0.05489793467106499,0.0019374263873286044,0.9431646389416064
RETFOUND_MAE_CFP_FROZEN_PCA128_SVM,2026,ADAM,S000030,ADAM,AMD_DRY,NORMAL,0,6.3228927770005756e-06,3.828642455714669e-06,0.9999898484647672
RETFOUND_MAE_CFP_FROZEN_PCA128_SVM,2026,ADAM,S000031,ADAM,AMD_DRY,NORMAL,0,0.2913231379563282,0.00301629514077085,0.7056605669029009
RETFOUND_MAE_CFP_FROZEN_PCA128_SVM,2026,ADAM,S000032,ADAM,AMD_DRY,AMD_DRY,1,0.964139216948114,0.02662834435705976,0.009232438694826175
RETFOUND_MAE_CFP_FROZEN_PCA128_SVM,2026,ADAM,S000033,ADAM,AMD_DRY,AMD_DRY,1,0.5704763405753704,0.049338129436644104,0.3801855299879855
RETFOUND_MAE_CFP_FROZEN_PCA128_SVM,2026,ADAM,S000034,ADAM,AMD_DRY,AMD_DRY,1,0.5939282815699432,0.36035871815794973,0.04571300027210704
RETFOUND_MAE_CFP_FROZEN_PCA128_SVM,2026,ADAM,S000035,ADAM,AMD_DRY,AMD_DRY,1,0.9102374395088954,0.0881108761901172,0.0016516843009875637
RETFOUND_MAE_CFP_FROZEN_PCA128_SVM,2026,ADAM,S000036,ADAM,AMD_WET,AMD_DRY,0,0.8242345537882969,0.08348863661250346,0.09227680959919973
RETFOUND_MAE_CFP_FROZEN_PCA128_SVM,2026,ADAM,S000037,ADAM,AMD_WET,AMD_DRY,0,0.8391938212135651,0.16033107208519964,0.0004751067012354837
RETFOUND_MAE_CFP_FROZEN_PCA128_SVM,2026,ADAM,S000038,ADAM,AMD_WET,AMD_WET,1,0.12315364063541134,0.8764048058570204,0.0004415535075681838
RETFOUND_MAE_CFP_FROZEN_PCA128_SVM,2026,ADAM,S000039,ADAM,AMD_WET,AMD_WET,1,0.0022857037516154526,0.9971581706692619,0.0005561255791228725
RETFOUND_MAE_CFP_FROZEN_PCA128_SVM,2026,ADAM,S000040,ADAM,AMD_WET,AMD_WET,1,0.022930217964284762,0.9766767172965056,0.0003930647392097866
RETFOUND_MAE_CFP_FROZEN_PCA128_SVM,2026,ADAM,S000041,ADAM,AMD_WET,AMD_WET,1,3.272895346060051e-07,0.999721528227064,0.0002781444834014979
RETFOUND_MAE_CFP_FROZEN_PCA128_SVM,2026,ADAM,S000042,ADAM,AMD_WET,AMD_DRY,0,0.924188840013742,0.07537452327307458,0.0004366367131833029
RETFOUND_MAE_CFP_FROZEN_PCA128_SVM,2026,ADAM,S000043,ADAM,AMD_WET,AMD_WET,1,3.355461433478537e-07,0.9997067433989995,0.00029292105485712646
RETFOUND_MAE_CFP_FROZEN_PCA128_SVM,2026,ADAM,S000044,ADAM,AMD_WET,AMD_DRY,0,0.9788218374435649,0.020787504211204674,0.0003906583452303397
RETFOUND_MAE_CFP_FROZEN_PCA128_SVM,2026,ADAM,S000045,ADAM,AMD_WET,AMD_DRY,0,0.673847849041175,0.324297552312555,0.0018545986462701512
RETFOUND_MAE_CFP_FROZEN_PCA128_SVM,2026,ADAM,S000046,ADAM,AMD_WET,AMD_WET,1,1.4155963732098276e-06,0.9999898559678873,8.728435739498833e-06
RETFOUND_MAE_CFP_FROZEN_PCA128_SVM,2026,ADAM,S000047,ADAM,AMD_WET,AMD_WET,1,0.2773838324671415,0.4794823513488623,0.24313381618399602
RETFOUND_MAE_CFP_FROZEN_PCA128_SVM,2026,ADAM,S000048,ADAM,AMD_WET,AMD_WET,1,0.02280836623109198,0.9765867642173262,0.0006048695515819733
RETFOUND_MAE_CFP_FROZEN_PCA128_SVM,2026,ADAM,S000049,ADAM,AMD_WET,NORMAL,0,0.0052064877064776065,0.0034964961712142953,0.991297016122308
RETFOUND_MAE_CFP_FROZEN_PCA128_SVM,2026,ADAM,S000050,ADAM,AMD_WET,AMD_DRY,0,0.7393534034843173,0.2605665916724986,8.000484318410793e-05
RETFOUND_MAE_CFP_FROZEN_PCA128_SVM,2026,ADAM,S000051,ADAM,AMD_WET,AMD_WET,1,0.006485177346140793,0.9928215118508733,0.0006933108029860466
RETFOUND_MAE_CFP_FROZEN_PCA128_SVM,2026,ADAM,S000052,ADAM,AMD_WET,AMD_WET,1,0.03027909308243347,0.9650781097156264,0.004642797201940358
RETFOUND_MAE_CFP_FROZEN_PCA128_SVM,2026,FIVES,S000053,FIVES,NORMAL,NORMAL,1,0.008627740054546721,0.005804926118214942,0.9855673338272384
RETFOUND_MAE_CFP_FROZEN_PCA128_SVM,2026,FIVES,S000054,FIVES,NORMAL,NORMAL,1,0.007896404723245591,0.002766405475655441,0.9893371898010991
RETFOUND_MAE_CFP_FROZEN_PCA128_SVM,2026,FIVES,S000055,FIVES,NORMAL,NORMAL,1,0.08463298197187309,0.07697179582332007,0.8383952222048069
RETFOUND_MAE_CFP_FROZEN_PCA128_SVM,2026,FIVES,S000056,FIVES,NORMAL,NORMAL,1,0.1171558569289364,0.0541586216545411,0.8286855214165223
RETFOUND_MAE_CFP_FROZEN_PCA128_SVM,2026,FIVES,S000057,FIVES,NORMAL,NORMAL,1,0.004002300995265408,0.012047358838079877,0.9839503401666548
RETFOUND_MAE_CFP_FROZEN_PCA128_SVM,2026,FIVES,S000058,FIVES,NORMAL,NORMAL,1,0.04053286410911372,0.06480635298749923,0.894660782903387
RETFOUND_MAE_CFP_FROZEN_PCA128_SVM,2026,FIVES,S000059,FIVES,NORMAL,NORMAL,1,0.008702794144062699,0.006402483525203364,0.9848947223307339
RETFOUND_MAE_CFP_FROZEN_PCA128_SVM,2026,FIVES,S000060,FIVES,NORMAL,NORMAL,1,0.0031709054381400354,0.014249233189655236,0.9825798613722048
RETFOUND_MAE_CFP_FROZEN_PCA128_SVM,2026,FIVES,S000061,FIVES,NORMAL,NORMAL,1,0.013355808731516096,0.01778948671556734,0.9688547045529166
RETFOUND_MAE_CFP_FROZEN_PCA128_SVM,2026,FIVES,S000062,FIVES,NORMAL,NORMAL,1,0.14774949853960923,0.024182212441564162,0.8280682890188268
RETFOUND_MAE_CFP_FROZEN_PCA128_SVM,2026,FIVES,S000063,FIVES,NORMAL,NORMAL,1,0.01716342826729965,0.002490785595142012,0.9803457861375585
RETFOUND_MAE_CFP_FROZEN_PCA128_SVM,2026,FIVES,S000064,FIVES,NORMAL,NORMAL,1,0.011068924685780702,0.0021719812443410447,0.9867590940698783
RETFOUND_MAE_CFP_FROZEN_PCA128_SVM,2026,FIVES,S000065,FIVES,NORMAL,NORMAL,1,0.02972823057239348,0.008299070073635489,0.961972699353971
RETFOUND_MAE_CFP_FROZEN_PCA128_SVM,2026,FIVES,S000066,FIVES,NORMAL,NORMAL,1,0.022935838659092843,0.0034837688852240555,0.9735803924556833
RETFOUND_MAE_CFP_FROZEN_PCA128_SVM,2026,FIVES,S000067,FIVES,NORMAL,NORMAL,1,0.00829317107905569,0.004007693009572263,0.9876991359113719
RETFOUND_MAE_CFP_FROZEN_PCA128_SVM,2026,FIVES,S000068,FIVES,NORMAL,NORMAL,1,0.08773397675917348,0.02119197795867369,0.8910740452821532
RETFOUND_MAE_CFP_FROZEN_PCA128_SVM,2026,FIVES,S000069,FIVES,NORMAL,NORMAL,1,0.0010020646505232353,0.0009996687522316366,0.9979982665972453
RETFOUND_MAE_CFP_FROZEN_PCA128_SVM,2026,FIVES,S000070,FIVES,NORMAL,NORMAL,1,0.06439929748852803,0.012708116026130598,0.9228925864853412
RETFOUND_MAE_CFP_FROZEN_PCA128_SVM,2026,FIVES,S000071,FIVES,NORMAL,NORMAL,1,0.08722784911351339,0.03415153145135562,0.8786206194351309
RETFOUND_MAE_CFP_FROZEN_PCA128_SVM,2026,FIVES,S000072,FIVES,NORMAL,NORMAL,1,0.23868838472300838,0.11115351728347475,0.6501580979935168
RETFOUND_MAE_CFP_FROZEN_PCA128_SVM,2026,FIVES,S000073,FIVES,NORMAL,NORMAL,1,0.06484953163580867,0.00880464462016,0.9263458237440314
RETFOUND_MAE_CFP_FROZEN_PCA128_SVM,2026,FIVES,S000074,FIVES,NORMAL,NORMAL,1,0.007310534857291325,0.010935386317683588,0.9817540788250252
RETFOUND_MAE_CFP_FROZEN_PCA128_SVM,2026,FIVES,S000075,FIVES,NORMAL,NORMAL,1,0.001107701589649612,0.0029192035404971652,0.9959730948698532
RETFOUND_MAE_CFP_FROZEN_PCA128_SVM,2026,FIVES,S000076,FIVES,NORMAL,NORMAL,1,0.16883244541837983,0.014892235871563624,0.8162753187100568
RETFOUND_MAE_CFP_FROZEN_PCA128_SVM,2026,FIVES,S000077,FIVES,NORMAL,NORMAL,1,0.1122857606215883,0.014179185677084736,0.8735350537013268
RETFOUND_MAE_CFP_FROZEN_PCA128_SVM,2026,FIVES,S000078,FIVES,NORMAL,NORMAL,1,0.06432101849947704,0.03656919638954539,0.8991097851109776
RETFOUND_MAE_CFP_FROZEN_PCA128_SVM,2026,FIVES,S000079,FIVES,NORMAL,NORMAL,1,0.015507347324098161,0.03733686288133556,0.947155789794566
RETFOUND_MAE_CFP_FROZEN_PCA128_SVM,2026,FIVES,S000080,FIVES,NORMAL,NORMAL,1,0.017341669511358324,0.002481896357190301,0.9801764341314511
RETFOUND_MAE_CFP_FROZEN_PCA128_SVM,2026,FIVES,S000081,FIVES,NORMAL,NORMAL,1,0.0036934971315978624,0.0010818344707119781,0.9952246683976901
RETFOUND_MAE_CFP_FROZEN_PCA128_SVM,2026,FIVES,S000082,FIVES,NORMAL,NORMAL,1,0.025859539127769206,0.005307616695699799,0.9688328441765309
RETFOUND_MAE_CFP_FROZEN_PCA128_SVM,2026,FIVES,S000083,FIVES,NORMAL,NORMAL,1,0.012290720529088466,0.014476977313503323,0.9732323021574082
RETFOUND_MAE_CFP_FROZEN_PCA128_SVM,2026,FIVES,S000084,FIVES,NORMAL,NORMAL,1,0.013014755775326705,0.007398886319136268,0.9795863579055368
RETFOUND_MAE_CFP_FROZEN_PCA128_SVM,2026,FIVES,S000085,FIVES,NORMAL,NORMAL,1,0.025490518287669517,0.00744783492113785,0.9670616467911924
RETFOUND_MAE_CFP_FROZEN_PCA128_SVM,2026,FIVES,S000086,FIVES,NORMAL,NORMAL,1,0.2509157601321835,0.13823717586852846,0.6108470639992879
RETFOUND_MAE_CFP_FROZEN_PCA128_SVM,2026,FIVES,S000087,FIVES,NORMAL,NORMAL,1,0.005777889596324213,0.0021702912307477503,0.992051819172928
RETFOUND_MAE_CFP_FROZEN_PCA128_SVM,2026,FIVES,S000088,FIVES,NORMAL,NORMAL,1,0.2112382938225797,0.0033982828804955704,0.7853634232969248
RETFOUND_MAE_CFP_FROZEN_PCA128_SVM,2026,FIVES,S000089,FIVES,NORMAL,NORMAL,1,0.094027273354704,0.003686450293907261,0.9022862763513889
RETFOUND_MAE_CFP_FROZEN_PCA128_SVM,2026,FIVES,S000090,FIVES,NORMAL,NORMAL,1,0.016015605286207067,0.013452499651941355,0.9705318950618514
RETFOUND_MAE_CFP_FROZEN_PCA128_SVM,2026,FIVES,S000091,FIVES,NORMAL,NORMAL,1,0.01923809399521662,0.004725997368635131,0.9760359086361483
RETFOUND_MAE_CFP_FROZEN_PCA128_SVM,2026,FIVES,S000092,FIVES,NORMAL,NORMAL,1,0.05388510300739168,0.017240139798612424,0.9288747571939958
RETFOUND_MAE_CFP_FROZEN_PCA128_SVM,2026,FIVES,S000093,FIVES,NORMAL,NORMAL,1,0.0182684947004691,0.0038147259960280146,0.9779167793035028
RETFOUND_MAE_CFP_FROZEN_PCA128_SVM,2026,FIVES,S000094,FIVES,NORMAL,NORMAL,1,0.0076489110464860064,0.005441435008904018,0.98690965394461
RETFOUND_MAE_CFP_FROZEN_PCA128_SVM,2026,FIVES,S000095,FIVES,NORMAL,NORMAL,1,0.010877259123455864,0.021743479463608342,0.9673792614129357
RETFOUND_MAE_CFP_FROZEN_PCA128_SVM,2026,FIVES,S000096,FIVES,NORMAL,NORMAL,1,0.4212367367397592,0.04624986889916204,0.5325133943610789
RETFOUND_MAE_CFP_FROZEN_PCA128_SVM,2026,FIVES,S000097,FIVES,NORMAL,NORMAL,1,0.11065222793076117,0.04059312977975066,0.848754642289488
RETFOUND_MAE_CFP_FROZEN_PCA128_SVM,2026,FIVES,S000098,FIVES,NORMAL,NORMAL,1,0.06221302975084626,0.01776164886555374,0.9200253213836
RETFOUND_MAE_CFP_FROZEN_PCA128_SVM,2026,FIVES,S000099,FIVES,NORMAL,NORMAL,1,0.2940272558413487,0.07594133894895984,0.6300314052096915
RETFOUND_MAE_CFP_FROZEN_PCA128_SVM,2026,FIVES,S000100,FIVES,NORMAL,NORMAL,1,0.39615980401139556,0.06108964759353633,0.5427505483950683
RETFOUND_MAE_CFP_FROZEN_PCA128_SVM,2026,FIVES,S000101,FIVES,NORMAL,NORMAL,1,0.10622359876314179,0.015276447196665145,0.878499954040193
RETFOUND_MAE_CFP_FROZEN_PCA128_SVM,2026,FIVES,S000102,FIVES,NORMAL,NORMAL,1,0.016826617695915858,0.007066003639404222,0.97610737866468
RETFOUND_MAE_CFP_FROZEN_PCA128_SVM,2026,FIVES,S000103,FIVES,NORMAL,NORMAL,1,0.018576094736537107,0.003890794890023236,0.9775331103734398
RETFOUND_MAE_CFP_FROZEN_PCA128_SVM,2026,FIVES,S000104,FIVES,NORMAL,NORMAL,1,0.007178802443693478,0.0050807598512615255,0.9877404377050452
RETFOUND_MAE_CFP_FROZEN_PCA128_SVM,2026,FIVES,S000105,FIVES,NORMAL,NORMAL,1,0.009214167249101773,0.018382811064484604,0.9724030216864137
RETFOUND_MAE_CFP_FROZEN_PCA128_SVM,2026,FIVES,S000106,FIVES,NORMAL,NORMAL,1,0.016068309843017055,0.01529632660036675,0.9686353635566163
RETFOUND_MAE_CFP_FROZEN_PCA128_SVM,2026,FIVES,S000107,FIVES,NORMAL,NORMAL,1,0.02074306172048576,0.026265038431154592,0.9529918998483596
RETFOUND_MAE_CFP_FROZEN_PCA128_SVM,2026,FIVES,S000108,FIVES,NORMAL,NORMAL,1,0.008238796091635792,0.010715118371824588,0.9810460855365396
RETFOUND_MAE_CFP_FROZEN_PCA128_SVM,2026,FIVES,S000109,FIVES,NORMAL,NORMAL,1,0.007735045451240485,0.01138356732981518,0.9808813872189441
RETFOUND_MAE_CFP_FROZEN_PCA128_SVM,2026,FIVES,S000110,FIVES,NORMAL,NORMAL,1,0.15252860178018518,0.022046057183639257,0.8254253410361757
RETFOUND_MAE_CFP_FROZEN_PCA128_SVM,2026,FIVES,S000111,FIVES,NORMAL,NORMAL,1,0.17995150313672167,0.054398503691420186,0.7656499931718582
RETFOUND_MAE_CFP_FROZEN_PCA128_SVM,2026,FIVES,S000112,FIVES,NORMAL,NORMAL,1,0.11785140499875933,0.036314359532137123,0.8458342354691034
RETFOUND_MAE_CFP_FROZEN_PCA128_SVM,2026,FIVES,S000113,FIVES,NORMAL,NORMAL,1,0.053735860701556476,0.059502391317933875,0.8867617479805093
RETFOUND_MAE_CFP_FROZEN_PCA128_SVM,2026,FIVES,S000114,FIVES,NORMAL,NORMAL,1,0.010705503788798872,0.01875818702371929,0.9705363091874818
RETFOUND_MAE_CFP_FROZEN_PCA128_SVM,2026,FIVES,S000115,FIVES,NORMAL,NORMAL,1,0.015018338843621819,0.019567745702921305,0.9654139154534568
RETFOUND_MAE_CFP_FROZEN_PCA128_SVM,2026,FIVES,S000116,FIVES,NORMAL,NORMAL,1,0.11426743757671139,0.016496437105005635,0.8692361253182828
RETFOUND_MAE_CFP_FROZEN_PCA128_SVM,2026,FIVES,S000117,FIVES,NORMAL,NORMAL,1,0.21093445764765706,0.015730251789252567,0.7733352905630908
RETFOUND_MAE_CFP_FROZEN_PCA128_SVM,2026,FIVES,S000118,FIVES,NORMAL,NORMAL,1,0.02986223929391843,0.021978224516722752,0.9481595361893588
RETFOUND_MAE_CFP_FROZEN_PCA128_SVM,2026,FIVES,S000119,FIVES,NORMAL,NORMAL,1,0.05401596108514702,0.015215688037862139,0.9307683508769906
RETFOUND_MAE_CFP_FROZEN_PCA128_SVM,2026,FIVES,S000120,FIVES,NORMAL,NORMAL,1,0.00723722166155303,0.002763916433602068,0.9899988619048449
RETFOUND_MAE_CFP_FROZEN_PCA128_SVM,2026,FIVES,S000121,FIVES,NORMAL,NORMAL,1,0.013660952088616007,0.005685713201969481,0.9806533347094144
RETFOUND_MAE_CFP_FROZEN_PCA128_SVM,2026,FIVES,S000122,FIVES,NORMAL,NORMAL,1,0.003233961287721019,0.0028251759834805514,0.9939408627287983
RETFOUND_MAE_CFP_FROZEN_PCA128_SVM,2026,FIVES,S000123,FIVES,NORMAL,NORMAL,1,0.006627384076966112,0.0027828082640292506,0.9905898076590048
RETFOUND_MAE_CFP_FROZEN_PCA128_SVM,2026,FIVES,S000124,FIVES,NORMAL,NORMAL,1,0.003694392864098296,0.013104359544863706,0.9832012475910377
RETFOUND_MAE_CFP_FROZEN_PCA128_SVM,2026,FIVES,S000125,FIVES,NORMAL,NORMAL,1,0.000983456629553265,0.004935594414635306,0.9940809489558114
RETFOUND_MAE_CFP_FROZEN_PCA128_SVM,2026,FIVES,S000126,FIVES,NORMAL,NORMAL,1,0.28970665653138483,0.03082655372004457,0.6794667897485706
RETFOUND_MAE_CFP_FROZEN_PCA128_SVM,2026,FIVES,S000127,FIVES,NORMAL,NORMAL,1,0.04678975825569175,0.02158087477686966,0.9316293669674385
RETFOUND_MAE_CFP_FROZEN_PCA128_SVM,2026,FIVES,S000128,FIVES,NORMAL,NORMAL,1,0.011280200899469359,0.010816828745041493,0.9779029703554891
RETFOUND_MAE_CFP_FROZEN_PCA128_SVM,2026,FIVES,S000129,FIVES,NORMAL,NORMAL,1,0.005773684579088542,0.00628984063571164,0.9879364747851999
RETFOUND_MAE_CFP_FROZEN_PCA128_SVM,2026,FIVES,S000130,FIVES,NORMAL,NORMAL,1,0.0942134834609421,0.01877225520871557,0.8870142613303421
RETFOUND_MAE_CFP_FROZEN_PCA128_SVM,2026,FIVES,S000131,FIVES,NORMAL,NORMAL,1,0.0047451352618406405,0.001118668205140143,0.9941361965330192
RETFOUND_MAE_CFP_FROZEN_PCA128_SVM,2026,FIVES,S000132,FIVES,NORMAL,NORMAL,1,0.009174044143801735,0.0005510889977758354,0.9902748668584226
RETFOUND_MAE_CFP_FROZEN_PCA128_SVM,2026,FIVES,S000133,FIVES,NORMAL,NORMAL,1,0.02531731819611551,0.0037837593918022714,0.9708989224120822
RETFOUND_MAE_CFP_FROZEN_PCA128_SVM,2026,FIVES,S000134,FIVES,NORMAL,NORMAL,1,0.013190341250148627,0.006081703201247556,0.9807279555486037
RETFOUND_MAE_CFP_FROZEN_PCA128_SVM,2026,FIVES,S000135,FIVES,NORMAL,NORMAL,1,0.011076093499490904,0.002354212519355566,0.9865696939811536
RETFOUND_MAE_CFP_FROZEN_PCA128_SVM,2026,FIVES,S000136,FIVES,NORMAL,NORMAL,1,0.01822760135737205,0.0011520547308685827,0.9806203439117592
RETFOUND_MAE_CFP_FROZEN_PCA128_SVM,2026,FIVES,S000137,FIVES,NORMAL,NORMAL,1,0.10512937840838857,0.0056379706526658215,0.8892326509389457
RETFOUND_MAE_CFP_FROZEN_PCA128_SVM,2026,FIVES,S000138,FIVES,NORMAL,NORMAL,1,0.016729228888580246,0.0053524202315225495,0.9779183508798972
RETFOUND_MAE_CFP_FROZEN_PCA128_SVM,2026,FIVES,S000139,FIVES,NORMAL,NORMAL,1,0.033631875460746065,0.04665385427518303,0.919714270264071
RETFOUND_MAE_CFP_FROZEN_PCA128_SVM,2026,FIVES,S000140,FIVES,NORMAL,NORMAL,1,0.03250239066326516,0.0012136536704569923,0.9662839556662778
RETFOUND_MAE_CFP_FROZEN_PCA128_SVM,2026,FIVES,S000141,FIVES,NORMAL,NORMAL,1,0.0021890792541498683,0.0008439881439118708,0.9969669326019384
RETFOUND_MAE_CFP_FROZEN_PCA128_SVM,2026,FIVES,S000142,FIVES,NORMAL,NORMAL,1,0.019968561337163803,0.005619566822002237,0.9744118718408341
RETFOUND_MAE_CFP_FROZEN_PCA128_SVM,2026,FIVES,S000143,FIVES,NORMAL,NORMAL,1,0.00660707508386993,0.005142962336891667,0.9882499625792383
RETFOUND_MAE_CFP_FROZEN_PCA128_SVM,2026,FIVES,S000144,FIVES,NORMAL,NORMAL,1,0.14100417220267294,0.11617377185569612,0.7428220559416306
RETFOUND_MAE_CFP_FROZEN_PCA128_SVM,2026,FIVES,S000145,FIVES,NORMAL,NORMAL,1,0.04241517363327934,0.006311816158050059,0.9512730102086706
RETFOUND_MAE_CFP_FROZEN_PCA128_SVM,2026,FIVES,S000146,FIVES,NORMAL,NORMAL,1,0.0427495941974637,0.0515636804543328,0.9056867253482038
RETFOUND_MAE_CFP_FROZEN_PCA128_SVM,2026,FIVES,S000147,FIVES,NORMAL,NORMAL,1,0.014604227224412744,0.016030670523677376,0.9693651022519099
RETFOUND_MAE_CFP_FROZEN_PCA128_SVM,2026,FIVES,S000148,FIVES,NORMAL,NORMAL,1,0.0045526827935199405,0.001958150016505957,0.9934891671899739
RETFOUND_MAE_CFP_FROZEN_PCA128_SVM,2026,FIVES,S000149,FIVES,NORMAL,NORMAL,1,0.006017908893913925,0.0029688662202912194,0.991013224885795
RETFOUND_MAE_CFP_FROZEN_PCA128_SVM,2026,FIVES,S000150,FIVES,NORMAL,NORMAL,1,0.017843750124404312,0.024558660840796543,0.9575975890347993
RETFOUND_MAE_CFP_FROZEN_PCA128_SVM,2026,FIVES,S000151,FIVES,NORMAL,NORMAL,1,0.020008915392008747,0.006453386359428348,0.9735376982485626
RETFOUND_MAE_CFP_FROZEN_PCA128_SVM,2026,FIVES,S000152,FIVES,AMD_DRY,AMD_WET,0,0.35363801927361,0.6434699469405716,0.0028920337858183674
RETFOUND_MAE_CFP_FROZEN_PCA128_SVM,2026,FIVES,S000153,FIVES,AMD_DRY,AMD_DRY,1,0.753914029206213,0.2391087663869476,0.006977204406839642
RETFOUND_MAE_CFP_FROZEN_PCA128_SVM,2026,FIVES,S000154,FIVES,AMD_DRY,AMD_DRY,1,0.7310156941267815,0.26654851516575584,0.002435790707462598
RETFOUND_MAE_CFP_FROZEN_PCA128_SVM,2026,FIVES,S000155,FIVES,AMD_DRY,AMD_DRY,1,0.849625892332419,0.1487484202651867,0.001625687402394108
RETFOUND_MAE_CFP_FROZEN_PCA128_SVM,2026,FIVES,S000156,FIVES,AMD_DRY,AMD_DRY,1,0.9679483864911065,0.028443347132571774,0.0036082663763218085
RETFOUND_MAE_CFP_FROZEN_PCA128_SVM,2026,FIVES,S000157,FIVES,AMD_DRY,AMD_WET,0,0.16203823953385818,0.831834204398796,0.0061275560673458886
RETFOUND_MAE_CFP_FROZEN_PCA128_SVM,2026,FIVES,S000158,FIVES,AMD_DRY,AMD_DRY,1,0.8953011566087083,0.1020693545181006,0.002629488873191018
RETFOUND_MAE_CFP_FROZEN_PCA128_SVM,2026,FIVES,S000159,FIVES,AMD_DRY,AMD_DRY,1,0.8477821685231728,0.1472784813455983,0.004939350131229037
RETFOUND_MAE_CFP_FROZEN_PCA128_SVM,2026,FIVES,S000160,FIVES,AMD_DRY,AMD_DRY,1,0.8331420247622208,0.15216012120649003,0.014697854031289202
RETFOUND_MAE_CFP_FROZEN_PCA128_SVM,2026,FIVES,S000161,FIVES,AMD_DRY,AMD_WET,0,0.15115862257381182,0.8458317737622404,0.003009603663948094
RETFOUND_MAE_CFP_FROZEN_PCA128_SVM,2026,FIVES,S000162,FIVES,AMD_DRY,AMD_DRY,1,0.8338826330951997,0.16207587855062264,0.0040414883541778765
RETFOUND_MAE_CFP_FROZEN_PCA128_SVM,2026,FIVES,S000163,FIVES,AMD_DRY,AMD_DRY,1,0.9237130439351975,0.07398430109209699,0.0023026549727058606
RETFOUND_MAE_CFP_FROZEN_PCA128_SVM,2026,FIVES,S000164,FIVES,AMD_DRY,AMD_DRY,1,0.7250536273888238,0.2634344516720666,0.01151192093910941
RETFOUND_MAE_CFP_FROZEN_PCA128_SVM,2026,FIVES,S000165,FIVES,AMD_DRY,AMD_DRY,1,0.9165289984987768,0.08089697124783427,0.0025740302533890655
RETFOUND_MAE_CFP_FROZEN_PCA128_SVM,2026,FIVES,S000166,FIVES,AMD_DRY,AMD_WET,0,1.3250739000057594e-06,0.9998554192769759,0.00014325564912422452
RETFOUND_MAE_CFP_FROZEN_PCA128_SVM,2026,FIVES,S000167,FIVES,AMD_WET,AMD_WET,1,3.6556543868968706e-06,0.9994700481846737,0.0005262961609393682
RETFOUND_MAE_CFP_FROZEN_PCA128_SVM,2026,FIVES,S000168,FIVES,AMD_WET,AMD_WET,1,0.002324527131617842,0.9968161203079814,0.0008593525604007316
RETFOUND_MAE_CFP_FROZEN_PCA128_SVM,2026,FIVES,S000169,FIVES,AMD_WET,AMD_WET,1,8.568083514288038e-06,0.9986503462980162,0.0013410856184693882
RETFOUND_MAE_CFP_FROZEN_PCA128_SVM,2026,FIVES,S000170,FIVES,AMD_WET,AMD_WET,1,7.766737394908242e-06,0.9986979714154567,0.0012942618471486248
RETFOUND_MAE_CFP_FROZEN_PCA128_SVM,2026,FIVES,S000171,FIVES,AMD_WET,AMD_WET,1,0.00479711081082986,0.9940186493454024,0.0011842398437678613
RETFOUND_MAE_CFP_FROZEN_PCA128_SVM,2026,FIVES,S000172,FIVES,AMD_WET,AMD_WET,1,0.004746900126183668,0.9903697563090036,0.004883343564812638
RETFOUND_MAE_CFP_FROZEN_PCA128_SVM,2026,FIVES,S000173,FIVES,AMD_WET,AMD_WET,1,0.05634904757371962,0.9218308182895261,0.021820134136754217
RETFOUND_MAE_CFP_FROZEN_PCA128_SVM,2026,FIVES,S000174,FIVES,AMD_WET,AMD_WET,1,0.06830522534883822,0.9264093979939689,0.0052853766571928935
RETFOUND_MAE_CFP_FROZEN_PCA128_SVM,2026,FIVES,S000175,FIVES,AMD_WET,AMD_WET,1,0.06787646113773044,0.9296945318688283,0.002429006993441498
RETFOUND_MAE_CFP_FROZEN_PCA128_SVM,2026,FIVES,S000176,FIVES,AMD_WET,AMD_WET,1,0.02395712686336181,0.9744714924929752,0.0015713806436630927
RETFOUND_MAE_CFP_FROZEN_PCA128_SVM,2026,FIVES,S000177,FIVES,AMD_WET,AMD_WET,1,0.02235567861106643,0.9727180962063627,0.00492622518257059
RETFOUND_MAE_CFP_FROZEN_PCA128_SVM,2026,FIVES,S000178,FIVES,AMD_WET,AMD_WET,1,0.03690280857184795,0.9612434466138613,0.001853744814290915
RETFOUND_MAE_CFP_FROZEN_PCA128_SVM,2026,FIVES,S000179,FIVES,AMD_WET,AMD_WET,1,0.05400897964088716,0.9404072325331803,0.00558378782593263
RETFOUND_MAE_CFP_FROZEN_PCA128_SVM,2026,FIVES,S000180,FIVES,AMD_WET,AMD_WET,1,0.00854238441655219,0.9907429067847764,0.000714708798671549
RETFOUND_MAE_CFP_FROZEN_PCA128_SVM,2026,FIVES,S000181,FIVES,AMD_WET,AMD_WET,1,0.019298458930054416,0.98018335484745,0.0005181862224955575
RETFOUND_MAE_CFP_FROZEN_PCA128_SVM,2026,FIVES,S000182,FIVES,AMD_WET,AMD_WET,1,0.009966351022773198,0.9895273191022608,0.0005063298749659433
RETFOUND_MAE_CFP_FROZEN_PCA128_SVM,2026,FIVES,S000183,FIVES,AMD_WET,AMD_WET,1,2.8634313762420848e-05,0.9968020151451165,0.003169350541121091
RETFOUND_MAE_CFP_FROZEN_PCA128_SVM,2026,FIVES,S000184,FIVES,AMD_WET,AMD_WET,1,0.002482518802253764,0.9972840734829732,0.000233407714773155
RETFOUND_MAE_CFP_FROZEN_PCA128_SVM,2026,FIVES,S000185,FIVES,AMD_WET,AMD_WET,1,0.005866220186296974,0.993306098978209,0.0008276808354942905
RETFOUND_MAE_CFP_FROZEN_PCA128_SVM,2026,FIVES,S000186,FIVES,AMD_WET,AMD_WET,1,0.0022257834162751904,0.9969957483639497,0.0007784682197751184
RETFOUND_MAE_CFP_FROZEN_PCA128_SVM,2026,FIVES,S000187,FIVES,AMD_WET,AMD_WET,1,0.07302813616139422,0.9249995705153516,0.0019722933232541916
RETFOUND_MAE_CFP_FROZEN_PCA128_SVM,2026,FIVES,S000188,FIVES,AMD_WET,AMD_WET,1,0.0034661403692681936,0.9962431874206508,0.0002906722100809436
RETFOUND_MAE_CFP_FROZEN_PCA128_SVM,2026,FIVES,S000189,FIVES,AMD_WET,AMD_WET,1,0.02031497584403155,0.9788057801624981,0.0008792439934700452
RETFOUND_MAE_CFP_FROZEN_PCA128_SVM,2026,FIVES,S000190,FIVES,AMD_WET,AMD_WET,1,0.2305530215962935,0.7618660826048154,0.00758089579889134
RETFOUND_MAE_CFP_FROZEN_PCA128_SVM,2026,FIVES,S000191,FIVES,AMD_WET,AMD_WET,1,1.180565798724338e-06,0.9994643290401335,0.000534490394067759
RETFOUND_MAE_CFP_FROZEN_PCA128_SVM,2026,FIVES,S000192,FIVES,AMD_WET,NORMAL,0,0.3588664648550807,0.19391306257552654,0.4472204725693926
RETFOUND_MAE_CFP_FROZEN_PCA128_SVM,2026,FIVES,S000193,FIVES,AMD_WET,AMD_WET,1,0.005651255673043049,0.9908438256996859,0.003504918627270833
RETFOUND_MAE_CFP_FROZEN_PCA128_SVM,2026,FIVES,S000194,FIVES,AMD_WET,AMD_WET,1,0.07230425023341741,0.918385403207387,0.009310346559195893
RETFOUND_MAE_CFP_FROZEN_PCA128_SVM,2026,FIVES,S000195,FIVES,AMD_WET,AMD_WET,1,1.4014862972052151e-06,0.9994320184753775,0.0005665800383253579
RETFOUND_MAE_CFP_FROZEN_PCA128_SVM,2026,FIVES,S000196,FIVES,AMD_WET,AMD_WET,1,0.0018425910066076866,0.997468726700092,0.000688682293300382
RETFOUND_MAE_CFP_FROZEN_PCA128_SVM,2026,FIVES,S000197,FIVES,AMD_WET,AMD_WET,1,7.20167906218731e-07,0.9996481334933299,0.00035114633876373905
RETFOUND_MAE_CFP_FROZEN_PCA128_SVM,2026,FIVES,S000198,FIVES,AMD_WET,AMD_WET,1,0.009222722763515741,0.984165368969329,0.0066119082671549905
RETFOUND_MAE_CFP_FROZEN_PCA128_SVM,2026,FIVES,S000199,FIVES,AMD_WET,AMD_WET,1,0.27742665845053827,0.7206918493051191,0.0018814922443424623
RETFOUND_MAE_CFP_FROZEN_PCA128_SVM,2026,FIVES,S000200,FIVES,AMD_WET,AMD_WET,1,0.23217544548948038,0.5882856095362522,0.1795389449742674
RETFOUND_MAE_CFP_FROZEN_PCA128_SVM,2026,FIVES,S000201,FIVES,AMD_WET,AMD_WET,1,8.567539124669804e-07,0.9995972476990572,0.00040189554703041146
RETFOUND_MAE_CFP_FROZEN_PCA128_SVM,2026,FIVES,S000202,FIVES,AMD_WET,AMD_WET,1,0.010669895626981733,0.9859817766315245,0.003348327741493759
RETFOUND_MAE_CFP_FROZEN_PCA128_SVM,2026,FIVES,S000203,FIVES,AMD_WET,AMD_WET,1,0.005250523455949585,0.9818932920967808,0.01285618444726968
RETFOUND_MAE_CFP_FROZEN_PCA128_SVM,2026,FIVES,S000204,FIVES,AMD_WET,AMD_WET,1,0.006778401988461743,0.9912201325089093,0.0020014655026288778
RETFOUND_MAE_CFP_FROZEN_PCA128_SVM,2026,FIVES,S000205,FIVES,AMD_WET,AMD_WET,1,3.7288266330466145e-06,0.9991565019010603,0.0008397692723067513
RETFOUND_MAE_CFP_FROZEN_PCA128_SVM,2026,FIVES,S000207,FIVES,AMD_WET,AMD_WET,1,2.4291254820873342e-06,0.9995731786401104,0.000424392234407324
RETFOUND_MAE_CFP_FROZEN_PCA128_SVM,2026,FIVES,S000208,FIVES,AMD_WET,AMD_WET,1,0.07506078052893322,0.9242487992905395,0.0006904201805272888
RETFOUND_MAE_CFP_FROZEN_PCA128_SVM,2026,FIVES,S000209,FIVES,AMD_WET,AMD_WET,1,0.06073286506697848,0.9018282782848311,0.03743885664819039
RETFOUND_MAE_CFP_FROZEN_PCA128_SVM,2026,FIVES,S000210,FIVES,AMD_WET,AMD_WET,1,0.015349960366623295,0.9807967831097681,0.003853256523608531
RETFOUND_MAE_CFP_FROZEN_PCA128_SVM,2026,FIVES,S000211,FIVES,AMD_WET,AMD_WET,1,0.16125859267584933,0.8356837429630625,0.0030576643610884732
RETFOUND_MAE_CFP_FROZEN_PCA128_SVM,2026,FIVES,S000212,FIVES,AMD_WET,AMD_WET,1,0.038655188084818444,0.9573383323746593,0.004006479540522228
RETFOUND_MAE_CFP_FROZEN_PCA128_SVM,2026,FIVES,S000213,FIVES,AMD_WET,AMD_DRY,0,0.4747701912734251,0.3489063322787531,0.17632347644782168
RETFOUND_MAE_CFP_FROZEN_PCA128_SVM,2026,FIVES,S000214,FIVES,AMD_WET,AMD_WET,1,0.07709410384425704,0.921374536671541,0.0015313594842020337
RETFOUND_MAE_CFP_FROZEN_PCA128_SVM,2026,FIVES,S000215,FIVES,AMD_WET,AMD_WET,1,1.4890879175146079e-05,0.9979272372384119,0.002057871882413138
RETFOUND_MAE_CFP_FROZEN_PCA128_SVM,2026,FIVES,S000216,FIVES,AMD_WET,AMD_WET,1,2.3871892496610246e-06,0.9993427763282112,0.0006548364825390471
RETFOUND_MAE_CFP_FROZEN_PCA128_SVM,2026,FIVES,S000217,FIVES,AMD_WET,AMD_WET,1,0.015883926286057427,0.978964222184516,0.005151851529426559
RETFOUND_MAE_CFP_FROZEN_PCA128_SVM,2026,FIVES,S000218,FIVES,AMD_WET,AMD_DRY,0,0.4369476099842775,0.14331156274645895,0.4197408272692635
RETFOUND_MAE_CFP_FROZEN_PCA128_SVM,2026,FIVES,S000220,FIVES,AMD_WET,AMD_WET,1,0.0046832892840066205,0.9945992774810759,0.0007174332349173686
RETFOUND_MAE_CFP_FROZEN_PCA128_SVM,2026,FIVES,S000221,FIVES,AMD_WET,AMD_WET,1,0.03560026787775958,0.9608800300286781,0.003519702093562572
RETFOUND_MAE_CFP_FROZEN_PCA128_SVM,2026,FIVES,S000222,FIVES,AMD_WET,AMD_WET,1,1.7042764904242237e-05,0.9974386357086624,0.0025443215264333674
RETFOUND_MAE_CFP_FROZEN_PCA128_SVM,2026,FIVES,S000223,FIVES,AMD_WET,AMD_DRY,0,0.7976892874566911,0.19040258791116985,0.011908124632139045
RETFOUND_MAE_CFP_FROZEN_PCA128_SVM,2026,FIVES,S000224,FIVES,AMD_WET,AMD_WET,1,0.05797447126914573,0.9400305607976728,0.0019949679331816563
RETFOUND_MAE_CFP_FROZEN_PCA128_SVM,2026,FIVES,S000225,FIVES,AMD_WET,AMD_WET,1,0.1854689012129771,0.7760536255879611,0.03847747319906187
RETFOUND_MAE_CFP_FROZEN_PCA128_SVM,2026,FIVES,S000226,FIVES,AMD_WET,AMD_WET,1,0.01390936661342151,0.9848662441395974,0.0012243892469808513
RETFOUND_MAE_CFP_FROZEN_PCA128_SVM,2026,FIVES,S000227,FIVES,AMD_WET,AMD_WET,1,3.832685668076329e-06,0.9990754020563726,0.0009207652579593581
RETFOUND_MAE_CFP_FROZEN_PCA128_SVM,2026,FIVES,S000228,FIVES,AMD_WET,AMD_WET,1,8.97056112534876e-06,0.9985232861438638,0.001467743295010994
RETFOUND_MAE_CFP_FROZEN_PCA128_SVM,2026,FIVES,S000229,FIVES,AMD_WET,AMD_WET,1,0.004131801350779453,0.9930051694255068,0.0028630292237136435
RETFOUND_MAE_CFP_FROZEN_PCA128_SVM,2026,FIVES,S000230,FIVES,AMD_WET,AMD_WET,1,1.2377887273804814e-06,0.999555924432838,0.0004428377784345648
RETFOUND_MAE_CFP_FROZEN_PCA128_SVM,2026,FIVES,S000231,FIVES,AMD_WET,AMD_DRY,0,0.6189151885384402,0.37435451971243433,0.006730291749125449
RETFOUND_MAE_CFP_FROZEN_PCA128_SVM,2026,FIVES,S000232,FIVES,AMD_WET,AMD_WET,1,0.17164133003713827,0.8226337348597959,0.005724935103066223
RETFOUND_MAE_CFP_FROZEN_PCA128_SVM,2026,FIVES,S000233,FIVES,AMD_WET,NORMAL,0,0.2576564465348381,0.3494680607064333,0.3928754927587285
RETFOUND_MAE_CFP_FROZEN_PCA128_SVM,2026,FIVES,S000234,FIVES,AMD_WET,AMD_WET,1,0.013079509320649958,0.974121441783594,0.012799048895756109
RETFOUND_MAE_CFP_FROZEN_PCA128_SVM,2026,FIVES,S000235,FIVES,AMD_WET,AMD_WET,1,5.605079720009041e-06,0.9990804952388923,0.0009138996813876178
RETFOUND_MAE_CFP_FROZEN_PCA128_SVM,2026,FIVES,S000236,FIVES,AMD_WET,AMD_WET,1,0.1161760667585281,0.8730771165334993,0.010746816707972654
RETFOUND_MAE_CFP_FROZEN_PCA128_SVM,2026,FIVES,S000238,FIVES,AMD_WET,AMD_WET,1,0.14335771353199833,0.7864715569356968,0.07017072953230472
RETFOUND_MAE_CFP_FROZEN_PCA128_SVM,2026,ODIR,S000239,ODIR,NORMAL,AMD_DRY,0,0.6028463867269477,0.08672387263081716,0.3104297406422351
RETFOUND_MAE_CFP_FROZEN_PCA128_SVM,2026,ODIR,S000240,ODIR,NORMAL,NORMAL,1,0.22380158084638496,0.3190820700781753,0.45711634907543974
RETFOUND_MAE_CFP_FROZEN_PCA128_SVM,2026,ODIR,S000241,ODIR,NORMAL,AMD_DRY,0,0.3568233669892045,0.3428510830201503,0.3003255499906448
RETFOUND_MAE_CFP_FROZEN_PCA128_SVM,2026,ODIR,S000242,ODIR,NORMAL,NORMAL,1,0.16690987644048993,0.1467420758597974,0.6863480476997126
RETFOUND_MAE_CFP_FROZEN_PCA128_SVM,2026,ODIR,S000243,ODIR,NORMAL,AMD_DRY,0,0.952226235654659,0.023581797315672733,0.02419196702966833
RETFOUND_MAE_CFP_FROZEN_PCA128_SVM,2026,ODIR,S000244,ODIR,NORMAL,NORMAL,1,0.045363030787878664,0.09965017570803995,0.8549867935040814
RETFOUND_MAE_CFP_FROZEN_PCA128_SVM,2026,ODIR,S000245,ODIR,NORMAL,NORMAL,1,0.2269702234688658,0.09368879269442397,0.67934098383671
RETFOUND_MAE_CFP_FROZEN_PCA128_SVM,2026,ODIR,S000246,ODIR,NORMAL,NORMAL,1,0.025510234740150548,0.050627929718694675,0.9238618355411545
RETFOUND_MAE_CFP_FROZEN_PCA128_SVM,2026,ODIR,S000247,ODIR,NORMAL,NORMAL,1,0.03336393565029568,0.173874855827768,0.7927612085219363
RETFOUND_MAE_CFP_FROZEN_PCA128_SVM,2026,ODIR,S000248,ODIR,NORMAL,NORMAL,1,0.16432042817024553,0.2010810465011163,0.6345985253286381
RETFOUND_MAE_CFP_FROZEN_PCA128_SVM,2026,ODIR,S000249,ODIR,NORMAL,NORMAL,1,0.09649092657788007,0.07366024989491816,0.8298488235272018
RETFOUND_MAE_CFP_FROZEN_PCA128_SVM,2026,ODIR,S000250,ODIR,NORMAL,AMD_DRY,0,0.9465666324835491,0.03181119135911484,0.021622176157336075
RETFOUND_MAE_CFP_FROZEN_PCA128_SVM,2026,ODIR,S000251,ODIR,NORMAL,AMD_DRY,0,0.8116630553566705,0.11116451992439086,0.07717242471893877
RETFOUND_MAE_CFP_FROZEN_PCA128_SVM,2026,ODIR,S000252,ODIR,NORMAL,NORMAL,1,0.18911014811953908,0.268687538803039,0.5422023130774217
RETFOUND_MAE_CFP_FROZEN_PCA128_SVM,2026,ODIR,S000253,ODIR,NORMAL,NORMAL,1,0.09431441315730676,0.14365381347819828,0.7620317733644947
RETFOUND_MAE_CFP_FROZEN_PCA128_SVM,2026,ODIR,S000254,ODIR,NORMAL,NORMAL,1,0.13099615568758607,0.2148570961429306,0.6541467481694833
RETFOUND_MAE_CFP_FROZEN_PCA128_SVM,2026,ODIR,S000255,ODIR,NORMAL,NORMAL,1,0.35549037057116367,0.21037101809608136,0.4341386113327551
RETFOUND_MAE_CFP_FROZEN_PCA128_SVM,2026,ODIR,S000256,ODIR,NORMAL,NORMAL,1,0.2518178329771749,0.12348772833647187,0.624694438686353
RETFOUND_MAE_CFP_FROZEN_PCA128_SVM,2026,ODIR,S000257,ODIR,NORMAL,NORMAL,1,0.04650309876257326,0.04520917787381781,0.9082877233636089
RETFOUND_MAE_CFP_FROZEN_PCA128_SVM,2026,ODIR,S000258,ODIR,NORMAL,AMD_WET,0,0.1987274346428156,0.40393652596333235,0.3973360393938521
RETFOUND_MAE_CFP_FROZEN_PCA128_SVM,2026,ODIR,S000259,ODIR,NORMAL,NORMAL,1,0.16721115613148207,0.2231602889540105,0.6096285549145073
RETFOUND_MAE_CFP_FROZEN_PCA128_SVM,2026,ODIR,S000260,ODIR,NORMAL,NORMAL,1,0.16887608632642107,0.271310619469077,0.5598132942045019
RETFOUND_MAE_CFP_FROZEN_PCA128_SVM,2026,ODIR,S000261,ODIR,NORMAL,AMD_DRY,0,0.5448737343852305,0.07114844364092966,0.3839778219738398
RETFOUND_MAE_CFP_FROZEN_PCA128_SVM,2026,ODIR,S000262,ODIR,NORMAL,NORMAL,1,0.05959229326456741,0.03871568581139814,0.9016920209240344
RETFOUND_MAE_CFP_FROZEN_PCA128_SVM,2026,ODIR,S000263,ODIR,NORMAL,NORMAL,1,0.058597594173497,0.04526905716369011,0.8961333486628129
RETFOUND_MAE_CFP_FROZEN_PCA128_SVM,2026,ODIR,S000264,ODIR,NORMAL,NORMAL,1,0.026435487423589418,0.035156355728699684,0.938408156847711
RETFOUND_MAE_CFP_FROZEN_PCA128_SVM,2026,ODIR,S000265,ODIR,NORMAL,AMD_DRY,0,0.4827397811861798,0.21861045395515605,0.29864976485866424
RETFOUND_MAE_CFP_FROZEN_PCA128_SVM,2026,ODIR,S000266,ODIR,NORMAL,AMD_DRY,0,0.6140179784704852,0.1160695144622423,0.2699125070672724
RETFOUND_MAE_CFP_FROZEN_PCA128_SVM,2026,ODIR,S000267,ODIR,NORMAL,AMD_DRY,0,0.46054672490686444,0.2972710572519218,0.2421822178412136
RETFOUND_MAE_CFP_FROZEN_PCA128_SVM,2026,ODIR,S000268,ODIR,NORMAL,AMD_DRY,0,0.7519946762785036,0.17361892883955277,0.07438639488194373
RETFOUND_MAE_CFP_FROZEN_PCA128_SVM,2026,ODIR,S000269,ODIR,NORMAL,NORMAL,1,0.3424051366097303,0.012427949327352637,0.645166914062917
RETFOUND_MAE_CFP_FROZEN_PCA128_SVM,2026,ODIR,S000270,ODIR,NORMAL,NORMAL,1,0.34250431352481325,0.17093523053244578,0.48656045594274105
RETFOUND_MAE_CFP_FROZEN_PCA128_SVM,2026,ODIR,S000271,ODIR,NORMAL,NORMAL,1,0.18681580120151453,0.14701493378315342,0.6661692650153321
RETFOUND_MAE_CFP_FROZEN_PCA128_SVM,2026,ODIR,S000272,ODIR,NORMAL,AMD_DRY,0,0.5534597702294751,0.13958866456584995,0.3069515652046749
RETFOUND_MAE_CFP_FROZEN_PCA128_SVM,2026,ODIR,S000273,ODIR,NORMAL,NORMAL,1,0.08305075659710741,0.021409460569832672,0.8955397828330598
RETFOUND_MAE_CFP_FROZEN_PCA128_SVM,2026,ODIR,S000274,ODIR,NORMAL,NORMAL,1,0.1825453040044172,0.24029955965686053,0.5771551363387223
RETFOUND_MAE_CFP_FROZEN_PCA128_SVM,2026,ODIR,S000275,ODIR,NORMAL,NORMAL,1,0.03260510294694461,0.18041262060723554,0.7869822764458199
RETFOUND_MAE_CFP_FROZEN_PCA128_SVM,2026,ODIR,S000276,ODIR,NORMAL,NORMAL,1,0.1411132331501198,0.11820218200887485,0.7406845848410053
RETFOUND_MAE_CFP_FROZEN_PCA128_SVM,2026,ODIR,S000277,ODIR,NORMAL,NORMAL,1,0.19532648697828442,0.05990031446010686,0.7447731985616084
RETFOUND_MAE_CFP_FROZEN_PCA128_SVM,2026,ODIR,S000278,ODIR,NORMAL,NORMAL,1,0.16353819740538067,0.16194637888410315,0.6745154237105159
RETFOUND_MAE_CFP_FROZEN_PCA128_SVM,2026,ODIR,S000279,ODIR,NORMAL,NORMAL,1,0.20455545134999034,0.39097814275342174,0.4044664058965877
RETFOUND_MAE_CFP_FROZEN_PCA128_SVM,2026,ODIR,S000280,ODIR,NORMAL,NORMAL,1,0.05058460102902351,0.11488376197119984,0.8345316369997766
RETFOUND_MAE_CFP_FROZEN_PCA128_SVM,2026,ODIR,S000281,ODIR,NORMAL,NORMAL,1,0.218835328719359,0.18153939036671576,0.5996252809139252
RETFOUND_MAE_CFP_FROZEN_PCA128_SVM,2026,ODIR,S000282,ODIR,NORMAL,NORMAL,1,0.12321445480136156,0.06400218360087329,0.8127833615977651
RETFOUND_MAE_CFP_FROZEN_PCA128_SVM,2026,ODIR,S000283,ODIR,NORMAL,NORMAL,1,0.17703496479526964,0.3817605839361415,0.441204451268589
RETFOUND_MAE_CFP_FROZEN_PCA128_SVM,2026,ODIR,S000284,ODIR,NORMAL,NORMAL,1,0.32576805278304205,0.24944560119120024,0.4247863460257579
RETFOUND_MAE_CFP_FROZEN_PCA128_SVM,2026,ODIR,S000285,ODIR,NORMAL,NORMAL,1,0.18926979947315578,0.3136775116629928,0.4970526888638515
RETFOUND_MAE_CFP_FROZEN_PCA128_SVM,2026,ODIR,S000286,ODIR,NORMAL,NORMAL,1,0.0908335936447822,0.07833436110518888,0.830832045250029
RETFOUND_MAE_CFP_FROZEN_PCA128_SVM,2026,ODIR,S000287,ODIR,NORMAL,NORMAL,1,0.2915868430479254,0.2246658082825421,0.48374734866953245
RETFOUND_MAE_CFP_FROZEN_PCA128_SVM,2026,ODIR,S000288,ODIR,NORMAL,AMD_WET,0,0.1132975575455124,0.5139273982107746,0.37277504424371305
RETFOUND_MAE_CFP_FROZEN_PCA128_SVM,2026,ODIR,S000289,ODIR,NORMAL,AMD_DRY,0,0.4235086548056131,0.31520926450277376,0.2612820806916131
RETFOUND_MAE_CFP_FROZEN_PCA128_SVM,2026,ODIR,S000290,ODIR,NORMAL,NORMAL,1,0.2732541975801202,0.253068528014247,0.47367727440563256
RETFOUND_MAE_CFP_FROZEN_PCA128_SVM,2026,ODIR,S000291,ODIR,NORMAL,NORMAL,1,0.15600170572379227,0.3913617600407914,0.4526365342354164
RETFOUND_MAE_CFP_FROZEN_PCA128_SVM,2026,ODIR,S000292,ODIR,NORMAL,NORMAL,1,0.23631462158265404,0.24844833513293904,0.5152370432844069
RETFOUND_MAE_CFP_FROZEN_PCA128_SVM,2026,ODIR,S000293,ODIR,NORMAL,NORMAL,1,0.07725892961599913,0.25757927722280793,0.6651617931611927
RETFOUND_MAE_CFP_FROZEN_PCA128_SVM,2026,ODIR,S000294,ODIR,NORMAL,NORMAL,1,0.056206189878627154,0.10357047113652372,0.8402233389848494
RETFOUND_MAE_CFP_FROZEN_PCA128_SVM,2026,ODIR,S000295,ODIR,NORMAL,AMD_DRY,0,0.6059518993587838,0.23925757820911375,0.15479052243210248
RETFOUND_MAE_CFP_FROZEN_PCA128_SVM,2026,ODIR,S000296,ODIR,NORMAL,AMD_WET,0,0.13552720291042755,0.631316428617044,0.23315636847252844
RETFOUND_MAE_CFP_FROZEN_PCA128_SVM,2026,ODIR,S000297,ODIR,NORMAL,NORMAL,1,0.3599817679045223,0.06851799574459756,0.57150023635088
RETFOUND_MAE_CFP_FROZEN_PCA128_SVM,2026,ODIR,S000298,ODIR,NORMAL,NORMAL,1,0.35239782648630014,0.2232140647021529,0.42438810881154676
RETFOUND_MAE_CFP_FROZEN_PCA128_SVM,2026,ODIR,S000299,ODIR,NORMAL,NORMAL,1,0.06423244778028743,0.16010560062307266,0.7756619515966401
RETFOUND_MAE_CFP_FROZEN_PCA128_SVM,2026,ODIR,S000300,ODIR,NORMAL,AMD_WET,0,0.11430185459658965,0.6751084127008493,0.21058973270256104
RETFOUND_MAE_CFP_FROZEN_PCA128_SVM,2026,ODIR,S000301,ODIR,NORMAL,NORMAL,1,0.07994819788121724,0.06367699549580097,0.8563748066229816
RETFOUND_MAE_CFP_FROZEN_PCA128_SVM,2026,ODIR,S000302,ODIR,NORMAL,NORMAL,1,0.14369143694734252,0.1226529508904058,0.7336556121622514
RETFOUND_MAE_CFP_FROZEN_PCA128_SVM,2026,ODIR,S000303,ODIR,NORMAL,AMD_DRY,0,0.6249066815001368,0.0998740647702982,0.2752192537295648
RETFOUND_MAE_CFP_FROZEN_PCA128_SVM,2026,ODIR,S000304,ODIR,NORMAL,AMD_WET,0,0.38335149047894695,0.49607147386120104,0.12057703565985195
RETFOUND_MAE_CFP_FROZEN_PCA128_SVM,2026,ODIR,S000305,ODIR,NORMAL,NORMAL,1,0.18231591087504379,0.06929912641735116,0.7483849627076052
RETFOUND_MAE_CFP_FROZEN_PCA128_SVM,2026,ODIR,S000306,ODIR,NORMAL,NORMAL,1,0.16439899807218714,0.17373072702745765,0.6618702749003555
RETFOUND_MAE_CFP_FROZEN_PCA128_SVM,2026,ODIR,S000307,ODIR,NORMAL,NORMAL,1,0.17501996678539358,0.15454254714765578,0.6704374860669506
RETFOUND_MAE_CFP_FROZEN_PCA128_SVM,2026,ODIR,S000308,ODIR,NORMAL,NORMAL,1,0.16768455130402574,0.23528957767814646,0.5970258710178278
RETFOUND_MAE_CFP_FROZEN_PCA128_SVM,2026,ODIR,S000309,ODIR,NORMAL,NORMAL,1,0.1766043731104605,0.13729104997658292,0.6861045769129569
RETFOUND_MAE_CFP_FROZEN_PCA128_SVM,2026,ODIR,S000310,ODIR,NORMAL,NORMAL,1,0.018560215876842756,0.08407609925569133,0.897363684867466
RETFOUND_MAE_CFP_FROZEN_PCA128_SVM,2026,ODIR,S000311,ODIR,NORMAL,NORMAL,1,0.18741204533905476,0.23323814238020396,0.5793498122807416
RETFOUND_MAE_CFP_FROZEN_PCA128_SVM,2026,ODIR,S000312,ODIR,NORMAL,AMD_WET,0,0.1232914872301471,0.4858983314879173,0.39081018128193534
RETFOUND_MAE_CFP_FROZEN_PCA128_SVM,2026,ODIR,S000313,ODIR,NORMAL,AMD_WET,0,0.1873548040651223,0.5029755111723072,0.30966968476257045
RETFOUND_MAE_CFP_FROZEN_PCA128_SVM,2026,ODIR,S000314,ODIR,NORMAL,AMD_WET,0,0.16801483753509258,0.46896534396005346,0.3630198185048539
RETFOUND_MAE_CFP_FROZEN_PCA128_SVM,2026,ODIR,S000315,ODIR,NORMAL,AMD_DRY,0,0.8708080292844161,0.07062260117868739,0.0585693695368962
RETFOUND_MAE_CFP_FROZEN_PCA128_SVM,2026,ODIR,S000316,ODIR,NORMAL,NORMAL,1,0.15584809462063196,0.2512760659598996,0.5928758394194684
RETFOUND_MAE_CFP_FROZEN_PCA128_SVM,2026,ODIR,S000317,ODIR,NORMAL,NORMAL,1,0.0761701926981152,0.0473902115075385,0.8764395957943462
RETFOUND_MAE_CFP_FROZEN_PCA128_SVM,2026,ODIR,S000318,ODIR,NORMAL,NORMAL,1,0.32751343599620664,0.08669735530881695,0.5857892086949765
RETFOUND_MAE_CFP_FROZEN_PCA128_SVM,2026,ODIR,S000319,ODIR,NORMAL,NORMAL,1,0.30253100857365106,0.12460084468261969,0.5728681467437292
RETFOUND_MAE_CFP_FROZEN_PCA128_SVM,2026,ODIR,S000320,ODIR,NORMAL,NORMAL,1,0.1388541810117194,0.16638101083457568,0.6947648081537051
RETFOUND_MAE_CFP_FROZEN_PCA128_SVM,2026,ODIR,S000321,ODIR,NORMAL,AMD_WET,0,0.14958396586465267,0.5267318390576412,0.3236841950777063
RETFOUND_MAE_CFP_FROZEN_PCA128_SVM,2026,ODIR,S000322,ODIR,NORMAL,AMD_WET,0,0.11585133506447405,0.6284147983957388,0.25573386653978697
RETFOUND_MAE_CFP_FROZEN_PCA128_SVM,2026,ODIR,S000323,ODIR,NORMAL,AMD_WET,0,0.11908016110068637,0.6682818451462877,0.21263799375302586
RETFOUND_MAE_CFP_FROZEN_PCA128_SVM,2026,ODIR,S000324,ODIR,NORMAL,AMD_WET,0,0.1275125714548873,0.7474872456776815,0.12500018286743128
RETFOUND_MAE_CFP_FROZEN_PCA128_SVM,2026,ODIR,S000325,ODIR,NORMAL,NORMAL,1,0.04952132496929893,0.021055646198511878,0.9294230288321894
RETFOUND_MAE_CFP_FROZEN_PCA128_SVM,2026,ODIR,S000326,ODIR,NORMAL,NORMAL,1,0.11750155585745088,0.03579602829982913,0.8467024158427201
RETFOUND_MAE_CFP_FROZEN_PCA128_SVM,2026,ODIR,S000327,ODIR,NORMAL,NORMAL,1,0.09723792120851224,0.16307971114228648,0.7396823676492013
RETFOUND_MAE_CFP_FROZEN_PCA128_SVM,2026,ODIR,S000328,ODIR,NORMAL,NORMAL,1,0.051053859000194365,0.09118300421641082,0.8577631367833951
RETFOUND_MAE_CFP_FROZEN_PCA128_SVM,2026,ODIR,S000329,ODIR,NORMAL,AMD_DRY,0,0.5377842520752741,0.3223668990655121,0.13984884885921356
RETFOUND_MAE_CFP_FROZEN_PCA128_SVM,2026,ODIR,S000330,ODIR,NORMAL,AMD_DRY,0,0.6902096738169669,0.205123699052275,0.10466662713075801
RETFOUND_MAE_CFP_FROZEN_PCA128_SVM,2026,ODIR,S000331,ODIR,NORMAL,AMD_DRY,0,0.5679113774909068,0.26321689966385664,0.16887172284523663
RETFOUND_MAE_CFP_FROZEN_PCA128_SVM,2026,ODIR,S000332,ODIR,NORMAL,AMD_DRY,0,0.3891184282133953,0.3171078480210253,0.29377372376557925
RETFOUND_MAE_CFP_FROZEN_PCA128_SVM,2026,ODIR,S000333,ODIR,NORMAL,NORMAL,1,0.2583266382923869,0.04086164845110009,0.7008117132565127
RETFOUND_MAE_CFP_FROZEN_PCA128_SVM,2026,ODIR,S000334,ODIR,NORMAL,NORMAL,1,0.108234370956397,0.04669592077089255,0.8450697082727103
RETFOUND_MAE_CFP_FROZEN_PCA128_SVM,2026,ODIR,S000335,ODIR,NORMAL,AMD_DRY,0,0.39630927377450637,0.34974711416319304,0.25394361206230054
RETFOUND_MAE_CFP_FROZEN_PCA128_SVM,2026,ODIR,S000336,ODIR,NORMAL,AMD_WET,0,0.23858877553943567,0.42367272502721387,0.3377384994333505
RETFOUND_MAE_CFP_FROZEN_PCA128_SVM,2026,ODIR,S000337,ODIR,NORMAL,AMD_WET,0,0.26348358638342984,0.5919900467126455,0.14452636690392476
RETFOUND_MAE_CFP_FROZEN_PCA128_SVM,2026,ODIR,S000338,ODIR,NORMAL,AMD_WET,0,0.23084885270082528,0.6766091241418702,0.09254202315730448
RETFOUND_MAE_CFP_FROZEN_PCA128_SVM,2026,ODIR,S000339,ODIR,NORMAL,NORMAL,1,0.025577320100202083,0.05381295434472319,0.9206097255550748
RETFOUND_MAE_CFP_FROZEN_PCA128_SVM,2026,ODIR,S000340,ODIR,NORMAL,NORMAL,1,0.06320905292226686,0.12172311654584429,0.8150678305318889
RETFOUND_MAE_CFP_FROZEN_PCA128_SVM,2026,ODIR,S000341,ODIR,NORMAL,NORMAL,1,0.16772528582913432,0.3009931432474433,0.5312815709234223
RETFOUND_MAE_CFP_FROZEN_PCA128_SVM,2026,ODIR,S000342,ODIR,NORMAL,NORMAL,1,0.09579101799332959,0.3292245411326925,0.5749844408739777
RETFOUND_MAE_CFP_FROZEN_PCA128_SVM,2026,ODIR,S000343,ODIR,NORMAL,NORMAL,1,0.02451319989621604,0.01415799044569064,0.9613288096580934
RETFOUND_MAE_CFP_FROZEN_PCA128_SVM,2026,ODIR,S000344,ODIR,NORMAL,NORMAL,1,0.03148964700405221,0.031795077380071445,0.9367152756158763
RETFOUND_MAE_CFP_FROZEN_PCA128_SVM,2026,ODIR,S000345,ODIR,NORMAL,NORMAL,1,0.1273619107086753,0.06502317359768932,0.8076149156936354
RETFOUND_MAE_CFP_FROZEN_PCA128_SVM,2026,ODIR,S000346,ODIR,NORMAL,NORMAL,1,0.07951138464476076,0.1446378764512664,0.7758507389039726
RETFOUND_MAE_CFP_FROZEN_PCA128_SVM,2026,ODIR,S000347,ODIR,NORMAL,NORMAL,1,0.12076178622609571,0.24113488365553296,0.6381033301183715
RETFOUND_MAE_CFP_FROZEN_PCA128_SVM,2026,ODIR,S000348,ODIR,NORMAL,AMD_DRY,0,0.8713081374670849,0.06558587360830004,0.06310598892461511
RETFOUND_MAE_CFP_FROZEN_PCA128_SVM,2026,ODIR,S000349,ODIR,NORMAL,AMD_DRY,0,0.5802764550404867,0.22105753770258227,0.1986660072569311
RETFOUND_MAE_CFP_FROZEN_PCA128_SVM,2026,ODIR,S000350,ODIR,NORMAL,NORMAL,1,0.10024730863054593,0.15431812857197674,0.7454345627974773
RETFOUND_MAE_CFP_FROZEN_PCA128_SVM,2026,ODIR,S000351,ODIR,NORMAL,NORMAL,1,0.329571259248013,0.13725641752575646,0.5331723232262306
RETFOUND_MAE_CFP_FROZEN_PCA128_SVM,2026,ODIR,S000352,ODIR,NORMAL,AMD_WET,0,0.13099013048554028,0.7409922128817829,0.12801765663267692
RETFOUND_MAE_CFP_FROZEN_PCA128_SVM,2026,ODIR,S000353,ODIR,NORMAL,AMD_WET,0,0.29807084487251845,0.5687643211617306,0.13316483396575124
RETFOUND_MAE_CFP_FROZEN_PCA128_SVM,2026,ODIR,S000354,ODIR,NORMAL,NORMAL,1,0.09460469794762437,0.0789029304177555,0.82649237163462
RETFOUND_MAE_CFP_FROZEN_PCA128_SVM,2026,ODIR,S000355,ODIR,NORMAL,NORMAL,1,0.05860122027137817,0.17670764564039623,0.7646911340882254
RETFOUND_MAE_CFP_FROZEN_PCA128_SVM,2026,ODIR,S000356,ODIR,NORMAL,NORMAL,1,0.31878608487062826,0.08557341760777543,0.595640497521596
RETFOUND_MAE_CFP_FROZEN_PCA128_SVM,2026,ODIR,S000357,ODIR,NORMAL,NORMAL,1,0.33761415336663014,0.14403379571409358,0.5183520509192762
RETFOUND_MAE_CFP_FROZEN_PCA128_SVM,2026,ODIR,S000358,ODIR,NORMAL,NORMAL,1,0.3794765177305358,0.07990840103923791,0.5406150812302263
RETFOUND_MAE_CFP_FROZEN_PCA128_SVM,2026,ODIR,S000359,ODIR,NORMAL,NORMAL,1,0.2577337382911989,0.11187013487599262,0.6303961268328083
RETFOUND_MAE_CFP_FROZEN_PCA128_SVM,2026,ODIR,S000360,ODIR,NORMAL,NORMAL,1,0.040059688284220664,0.055420920820170104,0.9045193908956091
RETFOUND_MAE_CFP_FROZEN_PCA128_SVM,2026,ODIR,S000361,ODIR,NORMAL,NORMAL,1,0.08642314619057066,0.10097939989848778,0.8125974539109415
RETFOUND_MAE_CFP_FROZEN_PCA128_SVM,2026,ODIR,S000362,ODIR,NORMAL,NORMAL,1,0.4047733172297037,0.17563457130622415,0.41959211146407216
RETFOUND_MAE_CFP_FROZEN_PCA128_SVM,2026,ODIR,S000363,ODIR,NORMAL,NORMAL,1,0.08563920496944248,0.3465037190351619,0.5678570759953954
RETFOUND_MAE_CFP_FROZEN_PCA128_SVM,2026,ODIR,S000364,ODIR,AMD_DRY,AMD_WET,0,0.26060291231344607,0.7361828935183609,0.0032141941681929596
RETFOUND_MAE_CFP_FROZEN_PCA128_SVM,2026,ODIR,S000365,ODIR,AMD_DRY,AMD_WET,0,0.3261423770281263,0.6715338246416741,0.0023237983301997193
RETFOUND_MAE_CFP_FROZEN_PCA128_SVM,2026,ODIR,S000366,ODIR,AMD_DRY,AMD_WET,0,0.12513349819366532,0.5795168569715184,0.295349644834816
RETFOUND_MAE_CFP_FROZEN_PCA128_SVM,2026,ODIR,S000367,ODIR,AMD_DRY,AMD_WET,0,0.11274633354719481,0.8780340253040074,0.00921964114879757
RETFOUND_MAE_CFP_FROZEN_PCA128_SVM,2026,ODIR,S000368,ODIR,AMD_DRY,AMD_DRY,1,0.6987049581292404,0.10127848270366273,0.2000165591670971
RETFOUND_MAE_CFP_FROZEN_PCA128_SVM,2026,ODIR,S000369,ODIR,AMD_DRY,AMD_WET,0,0.16293329860579664,0.7761696090597746,0.06089709233442838
RETFOUND_MAE_CFP_FROZEN_PCA128_SVM,2026,ODIR,S000370,ODIR,AMD_DRY,AMD_WET,0,0.08855940282708949,0.8133609394827256,0.09807965769018509
RETFOUND_MAE_CFP_FROZEN_PCA128_SVM,2026,ODIR,S000371,ODIR,AMD_DRY,AMD_DRY,1,0.7095023377731738,0.23319328441503176,0.057304377811794455
RETFOUND_MAE_CFP_FROZEN_PCA128_SVM,2026,ODIR,S000372,ODIR,AMD_DRY,AMD_DRY,1,0.7752768603895482,0.125849663554036,0.09887347605641549
RETFOUND_MAE_CFP_FROZEN_PCA128_SVM,2026,ODIR,S000373,ODIR,AMD_DRY,AMD_WET,0,0.04057162178591555,0.9273590178102201,0.03206936040386447
RETFOUND_MAE_CFP_FROZEN_PCA128_SVM,2026,ODIR,S000374,ODIR,AMD_DRY,AMD_WET,0,0.18425149866618934,0.7953529622430724,0.020395539090738345
RETFOUND_MAE_CFP_FROZEN_PCA128_SVM,2026,ODIR,S000375,ODIR,AMD_DRY,AMD_DRY,1,0.8397735211245928,0.1435294971924493,0.01669698168295812
RETFOUND_MAE_CFP_FROZEN_PCA128_SVM,2026,ODIR,S000376,ODIR,AMD_DRY,AMD_DRY,1,0.9071157270977914,0.053897497658881445,0.03898677524332744
RETFOUND_MAE_CFP_FROZEN_PCA128_SVM,2026,ODIR,S000377,ODIR,AMD_DRY,AMD_WET,0,0.2399109904959375,0.7191311986873454,0.04095781081671717
RETFOUND_MAE_CFP_FROZEN_PCA128_SVM,2026,ODIR,S000378,ODIR,AMD_DRY,AMD_WET,0,0.09983100193283657,0.7842979948271412,0.11587100324002209
RETFOUND_MAE_CFP_FROZEN_PCA128_SVM,2026,ODIR,S000379,ODIR,AMD_DRY,AMD_WET,0,0.005690220766875189,0.9885807629712361,0.005729016261888408
RETFOUND_MAE_CFP_FROZEN_PCA128_SVM,2026,ODIR,S000380,ODIR,AMD_DRY,AMD_WET,0,0.43339848300252065,0.5649187907408527,0.0016827262566269001
RETFOUND_MAE_CFP_FROZEN_PCA128_SVM,2026,ODIR,S000381,ODIR,AMD_DRY,AMD_DRY,1,0.971802743866097,0.02677079451815185,0.001426461615751209
RETFOUND_MAE_CFP_FROZEN_PCA128_SVM,2026,ODIR,S000382,ODIR,AMD_DRY,AMD_WET,0,0.07110581423549286,0.9203599605526528,0.008534225211854282
RETFOUND_MAE_CFP_FROZEN_PCA128_SVM,2026,ODIR,S000383,ODIR,AMD_DRY,AMD_WET,0,0.15537954020969522,0.7238474943740232,0.12077296541628167
RETFOUND_MAE_CFP_FROZEN_PCA128_SVM,2026,ODIR,S000384,ODIR,AMD_DRY,AMD_WET,0,0.20145443970496388,0.5774244303264422,0.22112112996859418
RETFOUND_MAE_CFP_FROZEN_PCA128_SVM,2026,ODIR,S000385,ODIR,AMD_DRY,AMD_DRY,1,0.9142970130295974,0.07996367187644729,0.005739315093955096
RETFOUND_MAE_CFP_FROZEN_PCA128_SVM,2026,ODIR,S000386,ODIR,AMD_DRY,AMD_WET,0,0.32985918184512497,0.6585324578794601,0.011608360275414755
RETFOUND_MAE_CFP_FROZEN_PCA128_SVM,2026,ODIR,S000387,ODIR,AMD_DRY,AMD_WET,0,0.1596956611220453,0.827064248885197,0.01324008999275777
RETFOUND_MAE_CFP_FROZEN_PCA128_SVM,2026,ODIR,S000388,ODIR,AMD_DRY,AMD_WET,0,0.09554025201891575,0.887553658369206,0.016906089611878294
RETFOUND_MAE_CFP_FROZEN_PCA128_SVM,2026,ODIR,S000389,ODIR,AMD_DRY,AMD_DRY,1,0.8034287782845357,0.11907084435378809,0.07750037736167606
RETFOUND_MAE_CFP_FROZEN_PCA128_SVM,2026,ODIR,S000390,ODIR,AMD_DRY,AMD_WET,0,0.22135346167565076,0.7541049097212084,0.02454162860314079
RETFOUND_MAE_CFP_FROZEN_PCA128_SVM,2026,ODIR,S000391,ODIR,AMD_DRY,AMD_WET,0,0.23206945401220133,0.6817974826733482,0.08613306331445068
RETFOUND_MAE_CFP_FROZEN_PCA128_SVM,2026,ODIR,S000392,ODIR,AMD_DRY,AMD_DRY,1,0.8109849038740199,0.1842018365947517,0.004813259531228687
RETFOUND_MAE_CFP_FROZEN_PCA128_SVM,2026,ODIR,S000393,ODIR,AMD_DRY,AMD_WET,0,0.20605554179938695,0.7826460671158554,0.011298391084757586
RETFOUND_MAE_CFP_FROZEN_PCA128_SVM,2026,ODIR,S000394,ODIR,AMD_DRY,AMD_WET,0,0.40144765819455763,0.5897508085191657,0.008801533286276662
RETFOUND_MAE_CFP_FROZEN_PCA128_SVM,2026,ODIR,S000395,ODIR,AMD_DRY,AMD_WET,0,0.08566940305794714,0.8984441033444591,0.0158864935975936
RETFOUND_MAE_CFP_FROZEN_PCA128_SVM,2026,ODIR,S000396,ODIR,AMD_DRY,AMD_DRY,1,0.5349957538292512,0.45192567184239657,0.013078574328352152
RETFOUND_MAE_CFP_FROZEN_PCA128_SVM,2026,ODIR,S000397,ODIR,AMD_DRY,AMD_DRY,1,0.5068075736148976,0.483901202058217,0.00929122432688504
RETFOUND_MAE_CFP_FROZEN_PCA128_SVM,2026,ODIR,S000398,ODIR,AMD_DRY,AMD_DRY,1,0.9620446090801245,0.03235904193991983,0.0055963489799557104
RETFOUND_MAE_CFP_FROZEN_PCA128_SVM,2026,ODIR,S000399,ODIR,AMD_DRY,AMD_WET,0,0.0025105275823896858,0.997223832357523,0.00026564006008741257
RETFOUND_MAE_CFP_FROZEN_PCA128_SVM,2026,ODIR,S000400,ODIR,AMD_DRY,AMD_WET,0,0.0044014242024609,0.9942467994843293,0.0013517763132095738
RETFOUND_MAE_CFP_FROZEN_PCA128_SVM,2026,ODIR,S000401,ODIR,AMD_DRY,AMD_DRY,1,0.9223647011076048,0.06417134192851426,0.013463956963880974
RETFOUND_MAE_CFP_FROZEN_PCA128_SVM,2026,ODIR,S000402,ODIR,AMD_DRY,AMD_DRY,1,0.8350671098274212,0.15077495493779625,0.01415793523478283
RETFOUND_MAE_CFP_FROZEN_PCA128_SVM,2026,ODIR,S000403,ODIR,AMD_DRY,AMD_DRY,1,0.6116093575438483,0.3624934752849914,0.025897167171160345
RETFOUND_MAE_CFP_FROZEN_PCA128_SVM,2026,ODIR,S000404,ODIR,AMD_DRY,AMD_WET,0,0.20195075628137316,0.7766958484633867,0.02135339525524018
RETFOUND_MAE_CFP_FROZEN_PCA128_SVM,2026,ODIR,S000405,ODIR,AMD_DRY,AMD_DRY,1,0.8469251519350207,0.13003197473162195,0.02304287333335714
RETFOUND_MAE_CFP_FROZEN_PCA128_SVM,2026,ODIR,S000406,ODIR,AMD_DRY,AMD_DRY,1,0.7518609329882531,0.2111054057718357,0.037033661239911086
RETFOUND_MAE_CFP_FROZEN_PCA128_SVM,2026,ODIR,S000407,ODIR,AMD_DRY,AMD_WET,0,0.010049495814732332,0.9881941336682176,0.0017563705170499904
RETFOUND_MAE_CFP_FROZEN_PCA128_SVM,2026,ODIR,S000408,ODIR,AMD_DRY,AMD_WET,0,0.2576030009167051,0.49748314173161523,0.24491385735167934
RETFOUND_MAE_CFP_FROZEN_PCA128_SVM,2026,ODIR,S000409,ODIR,AMD_DRY,AMD_DRY,1,0.6627653318792028,0.3198776406582577,0.01735702746253954
RETFOUND_MAE_CFP_FROZEN_PCA128_SVM,2026,ODIR,S000410,ODIR,AMD_DRY,AMD_WET,0,0.356086003835339,0.5940171178891785,0.04989687827548257
RETFOUND_MAE_CFP_FROZEN_PCA128_SVM,2026,ODIR,S000411,ODIR,AMD_DRY,AMD_WET,0,0.032295870273111406,0.954624693027605,0.01307943669928364
RETFOUND_MAE_CFP_FROZEN_PCA128_SVM,2026,ODIR,S000412,ODIR,AMD_DRY,AMD_WET,0,0.44497549410222503,0.49372489689988835,0.0612996089978865
RETFOUND_MAE_CFP_FROZEN_PCA128_SVM,2026,ODIR,S000413,ODIR,AMD_DRY,AMD_WET,0,0.30605195348057324,0.3595116456944024,0.3344364008250243
RETFOUND_MAE_CFP_FROZEN_PCA128_SVM,2026,ODIR,S000414,ODIR,AMD_DRY,AMD_WET,0,0.08577128593967961,0.9093430289637726,0.004885685096547571
RETFOUND_MAE_CFP_FROZEN_PCA128_SVM,2026,ODIR,S000415,ODIR,AMD_DRY,AMD_WET,0,0.3707130711577743,0.6034000395297437,0.025886889312481932
RETFOUND_MAE_CFP_FROZEN_PCA128_SVM,2026,ODIR,S000416,ODIR,AMD_DRY,AMD_WET,0,0.13471065306941138,0.6536233934879319,0.2116659534426565
RETFOUND_MAE_CFP_FROZEN_PCA128_SVM,2026,ODIR,S000417,ODIR,AMD_DRY,AMD_DRY,1,0.8634650465044749,0.12994342936020936,0.0065915241353155804
RETFOUND_MAE_CFP_FROZEN_PCA128_SVM,2026,ODIR,S000418,ODIR,AMD_DRY,AMD_WET,0,0.03974632681933667,0.9582628241512859,0.001990849029377263
RETFOUND_MAE_CFP_FROZEN_PCA128_SVM,2026,ODIR,S000419,ODIR,AMD_DRY,AMD_DRY,1,0.824318231236219,0.16025191294608607,0.01542985581769514
RETFOUND_MAE_CFP_FROZEN_PCA128_SVM,2026,ODIR,S000420,ODIR,AMD_DRY,AMD_DRY,1,0.5038286180286009,0.4302571859760473,0.06591419599535184
RETFOUND_MAE_CFP_FROZEN_PCA128_SVM,2026,ODIR,S000421,ODIR,AMD_DRY,AMD_WET,0,0.09487959898481627,0.889086840423869,0.016033560591314746
RETFOUND_MAE_CFP_FROZEN_PCA128_SVM,2026,ODIR,S000422,ODIR,AMD_DRY,AMD_WET,0,0.13018635003242102,0.8427763463205611,0.0270373036470177
RETFOUND_MAE_CFP_FROZEN_PCA128_SVM,2026,ODIR,S000423,ODIR,AMD_DRY,AMD_WET,0,0.009975031908384538,0.9865824754272654,0.003442492664349932
RETFOUND_MAE_CFP_FROZEN_PCA128_SVM,2026,ODIR,S000424,ODIR,AMD_DRY,NORMAL,0,0.1100871532723457,0.18567343206814438,0.7042394146595099
RETFOUND_MAE_CFP_FROZEN_PCA128_SVM,2026,ODIR,S000425,ODIR,AMD_DRY,AMD_DRY,1,0.9134603901516486,0.07479289739181393,0.01174671245653757
RETFOUND_MAE_CFP_FROZEN_PCA128_SVM,2026,ODIR,S000426,ODIR,AMD_DRY,AMD_WET,0,0.1375484482581995,0.780102217772137,0.0823493339696637
RETFOUND_MAE_CFP_FROZEN_PCA128_SVM,2026,ODIR,S000427,ODIR,AMD_DRY,AMD_WET,0,0.07620141870710308,0.8670155690943419,0.056783012198554805
RETFOUND_MAE_CFP_FROZEN_PCA128_SVM,2026,ODIR,S000428,ODIR,AMD_DRY,NORMAL,0,0.37876116782280994,0.0899093537034302,0.5313294784737598
RETFOUND_MAE_CFP_FROZEN_PCA128_SVM,2026,ODIR,S000429,ODIR,AMD_DRY,AMD_DRY,1,0.7481551190297725,0.24841939756285383,0.00342548340737381
RETFOUND_MAE_CFP_FROZEN_PCA128_SVM,2026,ODIR,S000430,ODIR,AMD_DRY,AMD_WET,0,0.1599649473391972,0.8348935775272747,0.005141475133528228
RETFOUND_MAE_CFP_FROZEN_PCA128_SVM,2026,ODIR,S000431,ODIR,AMD_DRY,AMD_DRY,1,0.942998988699041,0.05162087408015795,0.005380137220800988
RETFOUND_MAE_CFP_FROZEN_PCA128_SVM,2026,ODIR,S000432,ODIR,AMD_DRY,AMD_DRY,1,0.8943450792889988,0.07023126325725912,0.035423657453742194
RETFOUND_MAE_CFP_FROZEN_PCA128_SVM,2026,ODIR,S000433,ODIR,AMD_DRY,AMD_DRY,1,0.8167978968373053,0.17313393397563578,0.010068169187058988
RETFOUND_MAE_CFP_FROZEN_PCA128_SVM,2026,ODIR,S000434,ODIR,AMD_DRY,AMD_WET,0,0.4415685883312374,0.5291220020996827,0.0293094095690799
RETFOUND_MAE_CFP_FROZEN_PCA128_SVM,2026,ODIR,S000435,ODIR,AMD_DRY,AMD_WET,0,0.4665105178979778,0.515481962556456,0.018007519545566293
RETFOUND_MAE_CFP_FROZEN_PCA128_SVM,2026,ODIR,S000436,ODIR,AMD_DRY,AMD_WET,0,0.12738645269796714,0.8620429603274525,0.01057058697458016
RETFOUND_MAE_CFP_FROZEN_PCA128_SVM,2026,ODIR,S000437,ODIR,AMD_DRY,AMD_WET,0,0.10222300384567384,0.7906243762231249,0.10715261993120116
RETFOUND_MAE_CFP_FROZEN_PCA128_SVM,2026,ODIR,S000438,ODIR,AMD_DRY,AMD_WET,0,0.05631770064483669,0.9003073039897497,0.04337499536541364
RETFOUND_MAE_CFP_FROZEN_PCA128_SVM,2026,ODIR,S000439,ODIR,AMD_DRY,AMD_WET,0,0.037749175136586356,0.9432615050226018,0.018989319840811807
RETFOUND_MAE_CFP_FROZEN_PCA128_SVM,2026,ODIR,S000440,ODIR,AMD_DRY,NORMAL,0,0.18471149186176017,0.1865922361337828,0.628696272004457
RETFOUND_MAE_CFP_FROZEN_PCA128_SVM,2026,ODIR,S000441,ODIR,AMD_DRY,AMD_DRY,1,0.5767146228616808,0.40903826020870265,0.01424711692961654
RETFOUND_MAE_CFP_FROZEN_PCA128_SVM,2026,ODIR,S000442,ODIR,AMD_DRY,NORMAL,0,0.3051432704535572,0.27711269715607056,0.4177440323903721
RETFOUND_MAE_CFP_FROZEN_PCA128_SVM,2026,ODIR,S000443,ODIR,AMD_DRY,AMD_WET,0,0.26470979227014135,0.7293278018136615,0.005962405916197042
RETFOUND_MAE_CFP_FROZEN_PCA128_SVM,2026,ODIR,S000444,ODIR,AMD_DRY,AMD_DRY,1,0.37333934951874903,0.2634369090994435,0.36322374138180735
RETFOUND_MAE_CFP_FROZEN_PCA128_SVM,2026,ODIR,S000445,ODIR,AMD_WET,AMD_DRY,0,0.8747500558761963,0.12365524198579653,0.0015947021380071221
RETFOUND_MAE_CFP_FROZEN_PCA128_SVM,2026,ODIR,S000446,ODIR,AMD_WET,AMD_WET,1,0.0727663026656354,0.9161221370673046,0.01111156026706008
RETFOUND_MAE_CFP_FROZEN_PCA128_SVM,2026,ODIR,S000447,ODIR,AMD_WET,AMD_WET,1,0.026889840568703586,0.9715614735959223,0.0015486858353739984
RETFOUND_MAE_CFP_FROZEN_PCA128_SVM,2026,ODIR,S000448,ODIR,AMD_WET,AMD_WET,1,7.874993249747424e-07,0.9996053763159362,0.0003938361847388712
RETFOUND_MAE_CFP_FROZEN_PCA128_SVM,2026,ODIR,S000449,ODIR,AMD_WET,AMD_WET,1,0.06915017106624913,0.9262477515119396,0.004602077421811266
RETFOUND_MAE_CFP_FROZEN_PCA128_SVM,2026,ODIR,S000450,ODIR,AMD_WET,AMD_WET,1,0.0025964018356033646,0.995826403212154,0.0015771949522426381
RETFOUND_MAE_CFP_FROZEN_PCA128_SVM,2026,ODIR,S000451,ODIR,AMD_WET,AMD_WET,1,0.015051423926362556,0.9668878060473778,0.018060770026259547
RETFOUND_MAE_CFP_FROZEN_PCA128_SVM,2026,ODIR,S000452,ODIR,AMD_WET,AMD_WET,1,0.10261698463377729,0.521610529809597,0.3757724855566255
RETFOUND_MAE_CFP_FROZEN_PCA128_SVM,2026,ODIR,S000453,ODIR,AMD_WET,AMD_WET,1,0.07297159499440156,0.9244506384145263,0.002577766591072087
RETFOUND_MAE_CFP_FROZEN_PCA128_SVM,2026,ODIR,S000454,ODIR,AMD_WET,AMD_WET,1,0.009262791620801002,0.988095656066669,0.0026415523125300957
RETFOUND_MAE_CFP_FROZEN_PCA128_SVM,2026,ODIR,S000455,ODIR,AMD_WET,AMD_WET,1,0.02603707309266382,0.9709779789748082,0.002984947932527809
RETFOUND_MAE_CFP_FROZEN_PCA128_SVM,2026,ODIR,S000456,ODIR,AMD_WET,AMD_WET,1,1.775336491754678e-06,0.9992775038933605,0.0007207207701478404
RETFOUND_MAE_CFP_FROZEN_PCA128_SVM,2026,ODIR,S000457,ODIR,AMD_WET,AMD_WET,1,0.021301105136897838,0.9446488767713531,0.03405001809174901
RETFOUND_MAE_CFP_FROZEN_PCA128_SVM,2026,ODIR,S000458,ODIR,AMD_WET,AMD_WET,1,0.019104007559485093,0.9775851812246257,0.003310811215889223
RETFOUND_MAE_CFP_FROZEN_PCA128_SVM,2026,ODIR,S000459,ODIR,AMD_WET,AMD_WET,1,0.07319417417765418,0.8542401192592493,0.07256570656309669
RETFOUND_MAE_CFP_FROZEN_PCA128_SVM,2026,ODIR,S000460,ODIR,AMD_WET,AMD_WET,1,0.10541420450634323,0.787313272462828,0.10727252303082886
RETFOUND_MAE_CFP_FROZEN_PCA128_SVM,2026,ODIR,S000461,ODIR,AMD_WET,AMD_WET,1,0.1847027347918503,0.8052120117453214,0.010085253462828432
RETFOUND_MAE_CFP_FROZEN_PCA128_SVM,2026,ODIR,S000462,ODIR,AMD_WET,AMD_WET,1,0.013911983886707282,0.9852595305612473,0.0008284855520452504
RETFOUND_MAE_CFP_FROZEN_PCA128_SVM,2026,ODIR,S000463,ODIR,AMD_WET,AMD_WET,1,0.007946593230089257,0.9866097398313576,0.005443666938552983
RETFOUND_MAE_CFP_FROZEN_PCA128_SVM,2026,ODIR,S000464,ODIR,AMD_WET,AMD_WET,1,0.02165296488541467,0.9721631601033414,0.006183875011244298
RETFOUND_MAE_CFP_FROZEN_PCA128_SVM,2026,ODIR,S000465,ODIR,AMD_WET,AMD_WET,1,0.15666251845786253,0.7592119997479314,0.08412548179420605
RETFOUND_MAE_CFP_FROZEN_PCA128_SVM,2026,ODIR,S000466,ODIR,AMD_WET,AMD_WET,1,0.004359565612069653,0.988569706469951,0.007070727917979172
RETFOUND_MAE_CFP_FROZEN_PCA128_SVM,2026,ODIR,S000467,ODIR,AMD_WET,AMD_WET,1,0.0070667686998085125,0.989309965543941,0.003623265756250459
RETFOUND_MAE_CFP_FROZEN_PCA128_SVM,2026,ODIR,S000468,ODIR,AMD_WET,AMD_WET,1,1.8042915167747583e-06,0.9994453633073193,0.0005528324011639106
RETFOUND_MAE_CFP_FROZEN_PCA128_SVM,2026,ODIR,S000469,ODIR,AMD_WET,AMD_WET,1,0.009681509679015647,0.988159460886727,0.002159029434257227
RETFOUND_MAE_CFP_FROZEN_PCA128_SVM,2026,ODIR,S000470,ODIR,AMD_WET,AMD_WET,1,9.367046089918391e-07,0.9995090240009793,0.0004900392944116634
RETFOUND_MAE_CFP_FROZEN_PCA128_SVM,2026,ODIR,S000471,ODIR,AMD_WET,AMD_WET,1,0.10371752182691514,0.8275078581721532,0.06877462000093172
RETFOUND_MAE_CFP_FROZEN_PCA128_SVM,2026,ODIR,S000472,ODIR,AMD_WET,AMD_WET,1,0.15988256311118815,0.7280450952648315,0.11207234162398017
RETFOUND_MAE_CFP_FROZEN_PCA128_SVM,2026,RFMID,S000473,RFMID,NORMAL,NORMAL,1,0.0797581168262113,0.19659147440435362,0.7236504087694351
RETFOUND_MAE_CFP_FROZEN_PCA128_SVM,2026,RFMID,S000474,RFMID,NORMAL,NORMAL,1,0.02464001203990797,0.12819784686864286,0.847162141091449
RETFOUND_MAE_CFP_FROZEN_PCA128_SVM,2026,RFMID,S000475,RFMID,NORMAL,NORMAL,1,0.07000729484411762,0.3520757624863299,0.5779169426695524
RETFOUND_MAE_CFP_FROZEN_PCA128_SVM,2026,RFMID,S000476,RFMID,NORMAL,AMD_WET,0,0.31445046102704377,0.3904672078791747,0.29508233109378135
RETFOUND_MAE_CFP_FROZEN_PCA128_SVM,2026,RFMID,S000477,RFMID,NORMAL,NORMAL,1,0.09314325904067752,0.28231967931325125,0.6245370616460713
RETFOUND_MAE_CFP_FROZEN_PCA128_SVM,2026,RFMID,S000478,RFMID,NORMAL,AMD_DRY,0,0.6161693948419482,0.07758745303827727,0.30624315211977465
RETFOUND_MAE_CFP_FROZEN_PCA128_SVM,2026,RFMID,S000479,RFMID,NORMAL,NORMAL,1,0.07172318591428835,0.027310841807544117,0.9009659722781675
RETFOUND_MAE_CFP_FROZEN_PCA128_SVM,2026,RFMID,S000480,RFMID,NORMAL,NORMAL,1,0.013371602975536958,0.008097223292919415,0.9785311737315436
RETFOUND_MAE_CFP_FROZEN_PCA128_SVM,2026,RFMID,S000481,RFMID,NORMAL,NORMAL,1,0.1821385251852887,0.1014005166170109,0.7164609581977003
RETFOUND_MAE_CFP_FROZEN_PCA128_SVM,2026,RFMID,S000482,RFMID,NORMAL,NORMAL,1,0.13723013694523725,0.006475488699095718,0.8562943743556669
RETFOUND_MAE_CFP_FROZEN_PCA128_SVM,2026,RFMID,S000483,RFMID,NORMAL,NORMAL,1,0.005783059004287452,0.028753560096625278,0.9654633808990871
RETFOUND_MAE_CFP_FROZEN_PCA128_SVM,2026,RFMID,S000484,RFMID,NORMAL,NORMAL,1,0.26885948950841115,0.3397943527549741,0.3913461577366146
RETFOUND_MAE_CFP_FROZEN_PCA128_SVM,2026,RFMID,S000485,RFMID,NORMAL,NORMAL,1,0.36815613260674557,0.13113297102945135,0.500710896363803
RETFOUND_MAE_CFP_FROZEN_PCA128_SVM,2026,RFMID,S000486,RFMID,NORMAL,NORMAL,1,0.06447104220383493,0.0557860363311444,0.8797429214650205
RETFOUND_MAE_CFP_FROZEN_PCA128_SVM,2026,RFMID,S000487,RFMID,NORMAL,NORMAL,1,0.005761555672140585,0.01477743879883861,0.9794610055290208
RETFOUND_MAE_CFP_FROZEN_PCA128_SVM,2026,RFMID,S000488,RFMID,NORMAL,NORMAL,1,0.05096392725343919,0.020047780826047808,0.9289882919205131
RETFOUND_MAE_CFP_FROZEN_PCA128_SVM,2026,RFMID,S000489,RFMID,NORMAL,NORMAL,1,0.3403749658174448,0.0255968127495903,0.6340282214329648
RETFOUND_MAE_CFP_FROZEN_PCA128_SVM,2026,RFMID,S000490,RFMID,NORMAL,NORMAL,1,0.05821796638143812,0.2143035292695947,0.7274785043489671
RETFOUND_MAE_CFP_FROZEN_PCA128_SVM,2026,RFMID,S000491,RFMID,NORMAL,AMD_DRY,0,0.470302157415057,0.31147115259355657,0.21822668999138667
RETFOUND_MAE_CFP_FROZEN_PCA128_SVM,2026,RFMID,S000492,RFMID,NORMAL,NORMAL,1,0.01410738538164513,0.1650418622342271,0.8208507523841279
RETFOUND_MAE_CFP_FROZEN_PCA128_SVM,2026,RFMID,S000493,RFMID,NORMAL,NORMAL,1,0.009628771248760255,0.10412025319889348,0.8862509755523461
RETFOUND_MAE_CFP_FROZEN_PCA128_SVM,2026,RFMID,S000494,RFMID,NORMAL,NORMAL,1,0.34749984805897444,0.05831057359834902,0.5941895783426765
RETFOUND_MAE_CFP_FROZEN_PCA128_SVM,2026,RFMID,S000495,RFMID,NORMAL,NORMAL,1,0.3436800758395116,0.016518080228577068,0.6398018439319115
RETFOUND_MAE_CFP_FROZEN_PCA128_SVM,2026,RFMID,S000496,RFMID,NORMAL,NORMAL,1,0.15309684320949876,0.23984700435168443,0.6070561524388168
RETFOUND_MAE_CFP_FROZEN_PCA128_SVM,2026,RFMID,S000497,RFMID,NORMAL,NORMAL,1,0.0013620451130882403,0.006607200796156052,0.9920307540907556
RETFOUND_MAE_CFP_FROZEN_PCA128_SVM,2026,RFMID,S000498,RFMID,NORMAL,AMD_DRY,0,0.6250024046108211,0.1162596871899983,0.25873790819918047
RETFOUND_MAE_CFP_FROZEN_PCA128_SVM,2026,RFMID,S000499,RFMID,NORMAL,AMD_WET,0,0.13551259017950765,0.4933685766672782,0.37111883315321414
RETFOUND_MAE_CFP_FROZEN_PCA128_SVM,2026,RFMID,S000500,RFMID,NORMAL,NORMAL,1,0.17537042687512946,0.06424111521705009,0.7603884579078204
RETFOUND_MAE_CFP_FROZEN_PCA128_SVM,2026,RFMID,S000501,RFMID,NORMAL,NORMAL,1,0.09452447327088045,0.01899049068116913,0.8864850360479503
RETFOUND_MAE_CFP_FROZEN_PCA128_SVM,2026,RFMID,S000502,RFMID,NORMAL,NORMAL,1,0.05240724828562087,0.06487406934800836,0.8827186823663709
RETFOUND_MAE_CFP_FROZEN_PCA128_SVM,2026,RFMID,S000503,RFMID,NORMAL,NORMAL,1,0.06181190007436852,0.030807000651677484,0.9073810992739539
RETFOUND_MAE_CFP_FROZEN_PCA128_SVM,2026,RFMID,S000504,RFMID,NORMAL,NORMAL,1,0.1968214571468282,0.023410729285532398,0.7797678135676394
RETFOUND_MAE_CFP_FROZEN_PCA128_SVM,2026,RFMID,S000505,RFMID,NORMAL,NORMAL,1,0.23562909244625865,0.013421517648243201,0.7509493899054981
RETFOUND_MAE_CFP_FROZEN_PCA128_SVM,2026,RFMID,S000506,RFMID,NORMAL,NORMAL,1,0.1589051309769028,0.1634872433155884,0.6776076257075088
RETFOUND_MAE_CFP_FROZEN_PCA128_SVM,2026,RFMID,S000507,RFMID,NORMAL,NORMAL,1,0.019888277608593737,0.005820825123817642,0.9742908972675884
RETFOUND_MAE_CFP_FROZEN_PCA128_SVM,2026,RFMID,S000508,RFMID,NORMAL,NORMAL,1,0.1509228769737317,0.11247826252467225,0.7365988605015962
RETFOUND_MAE_CFP_FROZEN_PCA128_SVM,2026,RFMID,S000509,RFMID,NORMAL,NORMAL,1,0.008428823688976735,0.0021137981646722373,0.9894573781463509
RETFOUND_MAE_CFP_FROZEN_PCA128_SVM,2026,RFMID,S000510,RFMID,NORMAL,AMD_DRY,0,0.46302749613926586,0.15865904906077807,0.378313454799956
RETFOUND_MAE_CFP_FROZEN_PCA128_SVM,2026,RFMID,S000511,RFMID,NORMAL,NORMAL,1,0.12063190001640775,0.16493178213109602,0.714436317852496
RETFOUND_MAE_CFP_FROZEN_PCA128_SVM,2026,RFMID,S000512,RFMID,NORMAL,NORMAL,1,0.16734187486862073,0.028967547894581957,0.8036905772367976
RETFOUND_MAE_CFP_FROZEN_PCA128_SVM,2026,RFMID,S000513,RFMID,NORMAL,AMD_DRY,0,0.37705953603368947,0.3392862009080669,0.28365426305824354
RETFOUND_MAE_CFP_FROZEN_PCA128_SVM,2026,RFMID,S000514,RFMID,NORMAL,NORMAL,1,0.03281311100648538,0.03154096942308878,0.9356459195704256
RETFOUND_MAE_CFP_FROZEN_PCA128_SVM,2026,RFMID,S000515,RFMID,NORMAL,NORMAL,1,0.13733592680168585,0.039142765356941604,0.8235213078413726
RETFOUND_MAE_CFP_FROZEN_PCA128_SVM,2026,RFMID,S000516,RFMID,NORMAL,NORMAL,1,0.03910732356355002,0.06964854736614329,0.8912441290703067
RETFOUND_MAE_CFP_FROZEN_PCA128_SVM,2026,RFMID,S000517,RFMID,NORMAL,NORMAL,1,0.3976472191753359,0.20033302808050438,0.40201975274415985
RETFOUND_MAE_CFP_FROZEN_PCA128_SVM,2026,RFMID,S000518,RFMID,NORMAL,NORMAL,1,0.03891636937477372,0.00433273753223189,0.9567508930929945
RETFOUND_MAE_CFP_FROZEN_PCA128_SVM,2026,RFMID,S000519,RFMID,NORMAL,AMD_DRY,0,0.7947049701790161,0.024345873555651716,0.18094915626533245
RETFOUND_MAE_CFP_FROZEN_PCA128_SVM,2026,RFMID,S000520,RFMID,NORMAL,NORMAL,1,0.23292189607131586,0.11962624495530476,0.6474518589733795
RETFOUND_MAE_CFP_FROZEN_PCA128_SVM,2026,RFMID,S000521,RFMID,NORMAL,NORMAL,1,0.11634758293213247,0.026099369897680087,0.8575530471701873
RETFOUND_MAE_CFP_FROZEN_PCA128_SVM,2026,RFMID,S000522,RFMID,NORMAL,NORMAL,1,0.2564047004873249,0.3166099543258601,0.42698534518681486
RETFOUND_MAE_CFP_FROZEN_PCA128_SVM,2026,RFMID,S000523,RFMID,NORMAL,NORMAL,1,0.005011326861231508,0.002116984388393414,0.992871688750375
RETFOUND_MAE_CFP_FROZEN_PCA128_SVM,2026,RFMID,S000524,RFMID,NORMAL,NORMAL,1,0.04125309065816816,0.14941122512056731,0.8093356842212646
RETFOUND_MAE_CFP_FROZEN_PCA128_SVM,2026,RFMID,S000525,RFMID,NORMAL,NORMAL,1,0.18311241161474745,0.023858710856024607,0.793028877529228
RETFOUND_MAE_CFP_FROZEN_PCA128_SVM,2026,RFMID,S000526,RFMID,NORMAL,AMD_WET,0,0.0463160952300781,0.5699233533700876,0.3837605513998343
RETFOUND_MAE_CFP_FROZEN_PCA128_SVM,2026,RFMID,S000527,RFMID,NORMAL,NORMAL,1,0.30866323757495717,0.028296894096884295,0.6630398683281585
RETFOUND_MAE_CFP_FROZEN_PCA128_SVM,2026,RFMID,S000528,RFMID,NORMAL,NORMAL,1,0.02926402259998229,0.09108646170933363,0.879649515690684
RETFOUND_MAE_CFP_FROZEN_PCA128_SVM,2026,RFMID,S000529,RFMID,NORMAL,NORMAL,1,0.18328742186445462,0.17620456647008637,0.640508011665459
RETFOUND_MAE_CFP_FROZEN_PCA128_SVM,2026,RFMID,S000530,RFMID,NORMAL,NORMAL,1,0.07066230413494376,0.20249734621514337,0.726840349649913
RETFOUND_MAE_CFP_FROZEN_PCA128_SVM,2026,RFMID,S000531,RFMID,NORMAL,NORMAL,1,0.07944110764885685,0.1585460434547502,0.762012848896393
RETFOUND_MAE_CFP_FROZEN_PCA128_SVM,2026,RFMID,S000532,RFMID,NORMAL,NORMAL,1,0.04031136957911317,0.014456500221321129,0.9452321301995658
RETFOUND_MAE_CFP_FROZEN_PCA128_SVM,2026,RFMID,S000533,RFMID,NORMAL,NORMAL,1,0.029971060428292406,0.04200444712097926,0.9280244924507283
RETFOUND_MAE_CFP_FROZEN_PCA128_SVM,2026,RFMID,S000534,RFMID,NORMAL,NORMAL,1,0.02431177465294599,0.03589481208366207,0.9397934132633919
RETFOUND_MAE_CFP_FROZEN_PCA128_SVM,2026,RFMID,S000535,RFMID,NORMAL,AMD_DRY,0,0.6019920675924543,0.025417339411423375,0.37259059299612246
RETFOUND_MAE_CFP_FROZEN_PCA128_SVM,2026,RFMID,S000536,RFMID,AMD_DRY,AMD_DRY,1,0.8423272011046862,0.1456214001605758,0.012051398734738112
RETFOUND_MAE_CFP_FROZEN_PCA128_SVM,2026,RFMID,S000537,RFMID,AMD_DRY,AMD_DRY,1,0.9239308681475213,0.06628903022287982,0.009780101629599025
RETFOUND_MAE_CFP_FROZEN_PCA128_SVM,2026,RFMID,S000538,RFMID,AMD_DRY,AMD_WET,0,0.16043659128956245,0.8292702767989186,0.0102931319115188
RETFOUND_MAE_CFP_FROZEN_PCA128_SVM,2026,RFMID,S000539,RFMID,AMD_DRY,AMD_DRY,1,0.6621592486002242,0.3333975485727026,0.004443202827073234
RETFOUND_MAE_CFP_FROZEN_PCA128_SVM,2026,RFMID,S000540,RFMID,AMD_DRY,AMD_DRY,1,0.7419880221029569,0.24433868379054466,0.013673294106498481
RETFOUND_MAE_CFP_FROZEN_PCA128_SVM,2026,RFMID,S000541,RFMID,AMD_DRY,AMD_WET,0,0.37754580634546436,0.6116330314050246,0.010821162249511084
RETFOUND_MAE_CFP_FROZEN_PCA128_SVM,2026,RFMID,S000542,RFMID,AMD_DRY,AMD_WET,0,0.2625802557661078,0.7335192637667053,0.003900480467186992
RETFOUND_MAE_CFP_FROZEN_PCA128_SVM,2026,RFMID,S000543,RFMID,AMD_DRY,AMD_DRY,1,0.5907769420879556,0.40253362084364297,0.006689437068401335
RETFOUND_MAE_CFP_FROZEN_PCA128_SVM,2026,RFMID,S000544,RFMID,AMD_WET,AMD_WET,1,0.09231254575307103,0.8860315009868918,0.0216559532600373
RETFOUND_MAE_CFP_FROZEN_PCA128_SVM,2026,RFMID,S000545,RFMID,AMD_WET,AMD_DRY,0,0.5871179476104411,0.41126282709853784,0.0016192252910209987
RETFOUND_MAE_CFP_FROZEN_PCA128_SVM,2026,RFMID,S000546,RFMID,AMD_WET,AMD_WET,1,0.0963939347089403,0.8834913580922032,0.020114707198856344
RETFOUND_MAE_CFP_FROZEN_PCA128_SVM,2026,RFMID,S000547,RFMID,AMD_WET,AMD_DRY,0,0.6068903757417313,0.3757781036540377,0.017331520604230998
RETFOUND_MAE_CFP_FROZEN_PCA128_SVM,2026,RFMID,S000548,RFMID,AMD_WET,AMD_WET,1,0.12048877367357379,0.8545610030791382,0.024950223247288232
RETFOUND_MAE_CFP_FROZEN_PCA128_SVM,2026,RFMID,S000549,RFMID,AMD_WET,AMD_WET,1,1.124117356557397e-06,0.9995382882243672,0.00046058765827636103
RETFOUND_MAE_CFP_FROZEN_PCA128_SVM,2026,RFMID,S000550,RFMID,AMD_WET,AMD_WET,1,0.0041614044890133615,0.9950117626635085,0.000826832847477951
RETFOUND_MAE_CFP_FROZEN_PCA128_SVM,2026,RFMID,S000551,RFMID,AMD_WET,AMD_WET,1,1.0902884737975215e-06,0.9999634509365618,3.545877496428429e-05
RETFOUND_MAE_CFP_FROZEN_PCA128_SVM,2026,RFMID,S000552,RFMID,AMD_WET,AMD_WET,1,0.1005949136761795,0.881571877989167,0.017833208334653745
RETFOUND_MAE_CFP_FROZEN_PCA128_SVM,2026,RFMID,S000553,RFMID,AMD_WET,AMD_WET,1,0.09698922118869628,0.877555874026811,0.025454904784492742
RETFOUND_MAE_CFP_FROZEN_PCA128_SVM,2026,RFMID,S000554,RFMID,AMD_WET,AMD_WET,1,0.013050105939834302,0.9829176185823689,0.004032275477796912
RETFOUND_MAE_CFP_FROZEN_PCA128_SVM,2026,RFMID,S000555,RFMID,AMD_WET,AMD_WET,1,0.018077687830202575,0.9798410213262434,0.002081290843554049
RETFOUND_MAE_CFP_FROZEN_PCA128_SVM,2026,RFMID,S000556,RFMID,AMD_WET,AMD_WET,1,0.006991717930894879,0.9906580848814918,0.002350197187613209
RETFOUND_MAE_CFP_FROZEN_PCA128_SVM,2026,RFMID,S000557,RFMID,AMD_WET,AMD_WET,1,1.5451818192391675e-07,0.9999167762418897,8.306923992834438e-05
RETFOUND_MAE_CFP_FROZEN_PCA128_SVM,2026,RFMID,S000558,RFMID,AMD_WET,AMD_WET,1,0.004179598763270971,0.9942746106508545,0.001545790585874248
RETFOUND_MAE_CFP_FROZEN_PCA128_SVM,2026,RFMID,S000559,RFMID,AMD_WET,AMD_WET,1,0.0367390094273487,0.9590519816437921,0.004209008928859231
RETFOUND_MAE_CFP_FROZEN_PCA128_SVM,2026,RFMID,S000560,RFMID,AMD_WET,AMD_WET,1,0.09778553233308436,0.8984917316118358,0.003722736055079704
RETFOUND_MAE_CFP_FROZEN_PCA128_SVM,2026,RFMID,S000561,RFMID,AMD_WET,AMD_WET,1,0.007357937131998123,0.9905039466531931,0.0021381162148085093
RETFOUND_MAE_CFP_FROZEN_PCA128_SVM,2026,RFMID,S000562,RFMID,AMD_WET,AMD_WET,1,0.1186155695143923,0.8800157880305751,0.001368642455032415
RETFOUND_MAE_CFP_FROZEN_PCA128_SVM,2026,RFMID,S000563,RFMID,AMD_WET,AMD_WET,1,0.010194202704332724,0.9882707682808637,0.0015350290148034467
RETFOUND_MAE_CFP_FROZEN_PCA128_SVM,2026,RFMID,S000564,RFMID,AMD_WET,AMD_WET,1,0.08394839239336219,0.9145570336963241,0.0014945739103137856
RETFOUND_MAE_CFP_FROZEN_PCA128_SVM,2026,RFMID,S000565,RFMID,AMD_WET,AMD_WET,1,0.010233759220608048,0.9896981405486599,6.810023073196708e-05
RETFOUND_MAE_CFP_FROZEN_PCA128_SVM,2026,RFMID,S000566,RFMID,AMD_WET,AMD_WET,1,0.0024569705789642365,0.9970915230354407,0.0004515063855951065
RETFOUND_MAE_CFP_FROZEN_PCA128_SVM,2026,RFMID,S000567,RFMID,AMD_WET,AMD_WET,1,0.03135139509465668,0.9635518258892083,0.005096779016134795
RETFOUND_MAE_CFP_FROZEN_PCA128_SVM,2026,RFMID,S000568,RFMID,AMD_WET,AMD_WET,1,0.38971516034338655,0.6023058266369203,0.007979013019692614
RETFOUND_MAE_CFP_FROZEN_PCA128_SVM,2026,RFMID,S000569,RFMID,AMD_WET,AMD_WET,1,0.007499858940988837,0.991525363961228,0.0009747770977829076
RETFOUND_MAE_CFP_FROZEN_PCA128_SVM,2026,RFMID,S000570,RFMID,AMD_WET,AMD_WET,1,0.007888291813159322,0.9920016998239755,0.00011000836286529895
RETFOUND_MAE_CFP_FROZEN_PCA128_SVM,2026,RFMID,S000571,RFMID,AMD_WET,AMD_WET,1,0.026013315359113012,0.9695283477174539,0.004458336923433059
RETFOUND_MAE_CFP_FROZEN_PCA128_SVM,2026,RFMID,S000572,RFMID,AMD_WET,AMD_WET,1,0.03809234714194728,0.958742558470718,0.003165094387334986
RETFOUND_MAE_CFP_FROZEN_PCA128_SVM,2026,RFMID,S000573,RFMID,AMD_WET,AMD_WET,1,0.4633255964542729,0.5143274164259268,0.022346987119800366
RETFOUND_MAE_CFP_FROZEN_PCA128_SVM,2026,RFMID,S000574,RFMID,AMD_WET,AMD_WET,1,0.02604445363519981,0.9708832830906734,0.0030722632741267473
RETFOUND_MAE_CFP_FROZEN_PCA128_SVM,2026,RFMID,S000575,RFMID,AMD_WET,AMD_WET,1,0.02775309753176258,0.9682860023299918,0.003960900138245479
RETFOUND_MAE_CFP_FROZEN_PCA128_SVM,2026,RFMID,S000576,RFMID,AMD_WET,AMD_WET,1,0.00550453146528695,0.9930664433359964,0.0014290251987166467
RETFOUND_MAE_CFP_FROZEN_PCA128_SVM,2026,RFMID,S000577,RFMID,AMD_WET,AMD_WET,1,0.007102007650167213,0.9915101762442338,0.0013878161055989751
RETFOUND_MAE_CFP_FROZEN_PCA128_SVM,2026,RFMID,S000578,RFMID,AMD_WET,AMD_WET,1,0.1163861194960648,0.8824077243301225,0.001206156173812693
RETFOUND_MAE_CFP_FROZEN_PCA128_SVM,2026,RFMID,S000579,RFMID,AMD_WET,AMD_WET,1,0.019356716352517466,0.9757733446922885,0.0048699389551941944
RETFOUND_MAE_CFP_FROZEN_PCA128_SVM,2026,RFMID,S000580,RFMID,AMD_WET,AMD_WET,1,0.003978710138377978,0.9938388245615696,0.0021824653000524553
RETFOUND_MAE_CFP_FROZEN_PCA128_SVM,2026,RFMID,S000581,RFMID,AMD_WET,AMD_WET,1,0.030137309556198526,0.9667846294518205,0.003078060991981042
RETFOUND_MAE_CFP_FROZEN_PCA128_SVM,2026,RFMID,S000582,RFMID,AMD_WET,AMD_WET,1,0.0874478273138882,0.8970750023753937,0.015477170310718286
RETFOUND_MAE_CFP_FROZEN_PCA128_SVM,2026,RFMID,S000583,RFMID,AMD_WET,AMD_WET,1,0.07433793720987637,0.9135405500146745,0.012121512775449126
RETFOUND_MAE_CFP_FROZEN_PCA128_SVM,2026,RFMID,S000584,RFMID,AMD_WET,AMD_WET,1,0.006061096094928324,0.992955980880201,0.0009829230248707688
RETFOUND_MAE_CFP_FROZEN_PCA128_SVM,2026,RFMID,S000585,RFMID,AMD_WET,AMD_WET,1,0.021533123991680857,0.978405923675713,6.095233260634937e-05
RETFOUND_MAE_CFP_FROZEN_PCA128_SVM,2026,RFMID,S000586,RFMID,AMD_WET,AMD_WET,1,0.11182726658943239,0.8790898206339706,0.00908291277659698
RETFOUND_MAE_CFP_FROZEN_PCA128_SVM,2026,RFMID,S000587,RFMID,AMD_WET,AMD_WET,1,0.049289313945073326,0.9485657277237114,0.00214495833121507
RETFOUND_MAE_CFP_FROZEN_PCA128_SVM,2026,RFMID,S000588,RFMID,AMD_WET,AMD_DRY,0,0.6368125427017041,0.3413226539377231,0.021864803360572865
RETFOUND_MAE_CFP_FROZEN_PCA128_SVM,2026,RFMID,S000589,RFMID,AMD_WET,AMD_WET,1,0.38667783469699374,0.6080511278329774,0.0052710374700285
RETFOUND_MAE_CFP_FROZEN_PCA128_SVM,2026,RFMID,S000590,RFMID,AMD_WET,AMD_WET,1,0.08479388531810696,0.9060010778063479,0.009205036875545195
RETFOUND_MAE_CFP_FROZEN_PCA128_SVM,2026,RFMID,S000591,RFMID,AMD_WET,AMD_WET,1,0.003930898043822286,0.9952182520075892,0.0008508499485884716
RETFOUND_MAE_CFP_FROZEN_PCA128_SVM,2026,RFMID,S000592,RFMID,AMD_WET,AMD_WET,1,0.07823305310977383,0.9138620066113469,0.007904940278879207
RETFOUND_MAE_CFP_FROZEN_PCA128_SVM,2026,RFMID,S000593,RFMID,AMD_WET,AMD_WET,1,1.949279924838148e-07,0.9999134976241736,8.630744783389362e-05
RETFOUND_MAE_CFP_FROZEN_PCA128_SVM,2026,RFMID,S000594,RFMID,AMD_WET,AMD_WET,1,0.08539397800509074,0.9110698278990301,0.003536194095879084
RETFOUND_MAE_CFP_FROZEN_PCA128_SVM,2026,RFMID,S000595,RFMID,AMD_WET,AMD_WET,1,0.061756745382492435,0.9372655500767919,0.0009777045407155971
RETFOUND_MAE_CFP_FROZEN_PCA128_SVM,2026,RFMID,S000596,RFMID,AMD_WET,AMD_WET,1,0.03339473999539845,0.9661923560630377,0.0004129039415637198
RETFOUND_MAE_CFP_FROZEN_PCA128_SVM,2026,RFMID,S000597,RFMID,AMD_WET,AMD_WET,1,0.3857531711279918,0.6092025238557297,0.005044305016278177
RETFOUND_MAE_CFP_FROZEN_PCA128_SVM,3407,ADAM,S000001,ADAM,AMD_DRY,AMD_DRY,1,0.8975419147845586,0.09014894632560651,0.012309138889835054
RETFOUND_MAE_CFP_FROZEN_PCA128_SVM,3407,ADAM,S000002,ADAM,AMD_DRY,NORMAL,0,0.003413811935843326,0.0014968869648041216,0.9950893010993528
RETFOUND_MAE_CFP_FROZEN_PCA128_SVM,3407,ADAM,S000003,ADAM,AMD_DRY,AMD_DRY,1,0.5998820000172836,0.024580602087612275,0.3755373978951041
RETFOUND_MAE_CFP_FROZEN_PCA128_SVM,3407,ADAM,S000004,ADAM,AMD_DRY,AMD_DRY,1,0.8401649739206606,0.006019723893478105,0.15381530218586137
RETFOUND_MAE_CFP_FROZEN_PCA128_SVM,3407,ADAM,S000005,ADAM,AMD_DRY,NORMAL,0,0.0013789091309675508,0.0014204322835736475,0.9972006585854588
RETFOUND_MAE_CFP_FROZEN_PCA128_SVM,3407,ADAM,S000006,ADAM,AMD_DRY,AMD_DRY,1,0.9509938209049009,0.04887177468355941,0.00013440441153964746
RETFOUND_MAE_CFP_FROZEN_PCA128_SVM,3407,ADAM,S000007,ADAM,AMD_DRY,AMD_DRY,1,0.9959915394717238,0.003815661651117173,0.0001927988771590593
RETFOUND_MAE_CFP_FROZEN_PCA128_SVM,3407,ADAM,S000008,ADAM,AMD_DRY,AMD_DRY,1,0.8213056184204528,0.1515762500276111,0.027118131551936202
RETFOUND_MAE_CFP_FROZEN_PCA128_SVM,3407,ADAM,S000009,ADAM,AMD_DRY,AMD_DRY,1,0.82695679529962,0.16274863978987736,0.010294564910502537
RETFOUND_MAE_CFP_FROZEN_PCA128_SVM,3407,ADAM,S000010,ADAM,AMD_DRY,AMD_DRY,1,0.7669705006353502,0.1692841768985965,0.06374532246605345
RETFOUND_MAE_CFP_FROZEN_PCA128_SVM,3407,ADAM,S000011,ADAM,AMD_DRY,AMD_DRY,1,0.7020581774129848,0.04303294676101382,0.25490887582600147
RETFOUND_MAE_CFP_FROZEN_PCA128_SVM,3407,ADAM,S000012,ADAM,AMD_DRY,AMD_DRY,1,0.7224900205502707,0.20093928684648138,0.07657069260324811
RETFOUND_MAE_CFP_FROZEN_PCA128_SVM,3407,ADAM,S000013,ADAM,AMD_DRY,AMD_DRY,1,0.9759867127299588,0.0215240527002765,0.0024892345697647695
RETFOUND_MAE_CFP_FROZEN_PCA128_SVM,3407,ADAM,S000014,ADAM,AMD_DRY,NORMAL,0,6.612386089578213e-06,3.4338264641824195e-06,0.9999899537874463
RETFOUND_MAE_CFP_FROZEN_PCA128_SVM,3407,ADAM,S000015,ADAM,AMD_DRY,AMD_DRY,1,0.9860791800492371,0.013722039319715326,0.0001987806310475647
RETFOUND_MAE_CFP_FROZEN_PCA128_SVM,3407,ADAM,S000016,ADAM,AMD_DRY,NORMAL,0,0.38247305329215087,0.12338286556336941,0.4941440811444797
RETFOUND_MAE_CFP_FROZEN_PCA128_SVM,3407,ADAM,S000017,ADAM,AMD_DRY,AMD_WET,0,0.34895494018735834,0.5391893948070589,0.11185566500558286
RETFOUND_MAE_CFP_FROZEN_PCA128_SVM,3407,ADAM,S000018,ADAM,AMD_DRY,NORMAL,0,0.22459283360250945,0.304524052777084,0.47088311362040625
RETFOUND_MAE_CFP_FROZEN_PCA128_SVM,3407,ADAM,S000019,ADAM,AMD_DRY,NORMAL,0,0.3144378507657204,0.05231509679385271,0.6332470524404266
RETFOUND_MAE_CFP_FROZEN_PCA128_SVM,3407,ADAM,S000020,ADAM,AMD_DRY,AMD_DRY,1,0.6359225085679983,0.09975535992975355,0.26432213150224787
RETFOUND_MAE_CFP_FROZEN_PCA128_SVM,3407,ADAM,S000021,ADAM,AMD_DRY,NORMAL,0,0.03566017467154203,0.007757840652529538,0.9565819846759285
RETFOUND_MAE_CFP_FROZEN_PCA128_SVM,3407,ADAM,S000022,ADAM,AMD_DRY,NORMAL,0,0.22461341398856413,0.04029894139936321,0.7350876446120725
RETFOUND_MAE_CFP_FROZEN_PCA128_SVM,3407,ADAM,S000023,ADAM,AMD_DRY,AMD_WET,0,0.1870400870347121,0.8118114351327518,0.0011484778325359104
RETFOUND_MAE_CFP_FROZEN_PCA128_SVM,3407,ADAM,S000024,ADAM,AMD_DRY,NORMAL,0,0.35529642582427856,0.2356094335349984,0.40909414064072264
RETFOUND_MAE_CFP_FROZEN_PCA128_SVM,3407,ADAM,S000025,ADAM,AMD_DRY,NORMAL,0,0.07259352946487793,0.077268582998969,0.850137887536153
RETFOUND_MAE_CFP_FROZEN_PCA128_SVM,3407,ADAM,S000026,ADAM,AMD_DRY,AMD_DRY,1,0.996306003896917,0.0023452859429049376,0.0013487101601780418
RETFOUND_MAE_CFP_FROZEN_PCA128_SVM,3407,ADAM,S000027,ADAM,AMD_DRY,NORMAL,0,0.13013639737541383,0.0057996922293109005,0.8640639103952751
RETFOUND_MAE_CFP_FROZEN_PCA128_SVM,3407,ADAM,S000028,ADAM,AMD_DRY,NORMAL,0,0.0037631414310066594,0.002075049577576592,0.9941618089914168
RETFOUND_MAE_CFP_FROZEN_PCA128_SVM,3407,ADAM,S000029,ADAM,AMD_DRY,NORMAL,0,0.05057739142188653,0.0011885501626002506,0.9482340584155132
RETFOUND_MAE_CFP_FROZEN_PCA128_SVM,3407,ADAM,S000030,ADAM,AMD_DRY,NORMAL,0,1.8092258458153033e-06,1.0669126077307465e-06,0.9999971238615465
RETFOUND_MAE_CFP_FROZEN_PCA128_SVM,3407,ADAM,S000031,ADAM,AMD_DRY,NORMAL,0,0.3599799088563299,0.0018998285111665452,0.6381202626325033
RETFOUND_MAE_CFP_FROZEN_PCA128_SVM,3407,ADAM,S000032,ADAM,AMD_DRY,AMD_DRY,1,0.9624880100565533,0.026794516781858672,0.010717473161588126
RETFOUND_MAE_CFP_FROZEN_PCA128_SVM,3407,ADAM,S000033,ADAM,AMD_DRY,AMD_DRY,1,0.5694842579740891,0.041894611516329366,0.3886211305095816
RETFOUND_MAE_CFP_FROZEN_PCA128_SVM,3407,ADAM,S000034,ADAM,AMD_DRY,AMD_DRY,1,0.6463979323852269,0.30425270412899513,0.049349363485777724
RETFOUND_MAE_CFP_FROZEN_PCA128_SVM,3407,ADAM,S000035,ADAM,AMD_DRY,AMD_DRY,1,0.9157997972219545,0.08265260386538899,0.0015475989126565752
RETFOUND_MAE_CFP_FROZEN_PCA128_SVM,3407,ADAM,S000036,ADAM,AMD_WET,AMD_DRY,0,0.8185926007160905,0.084986589772278,0.09642080951163148
RETFOUND_MAE_CFP_FROZEN_PCA128_SVM,3407,ADAM,S000037,ADAM,AMD_WET,AMD_DRY,0,0.785754151913616,0.21384788078990802,0.00039796729647589396
RETFOUND_MAE_CFP_FROZEN_PCA128_SVM,3407,ADAM,S000038,ADAM,AMD_WET,AMD_WET,1,0.13499075104981656,0.8645856994751908,0.00042354947499249386
RETFOUND_MAE_CFP_FROZEN_PCA128_SVM,3407,ADAM,S000039,ADAM,AMD_WET,AMD_WET,1,3.2372534841513815e-06,0.9995362940263173,0.0004604687201985102
RETFOUND_MAE_CFP_FROZEN_PCA128_SVM,3407,ADAM,S000040,ADAM,AMD_WET,AMD_WET,1,0.024652136558186356,0.9750111517602218,0.0003367116815915259
RETFOUND_MAE_CFP_FROZEN_PCA128_SVM,3407,ADAM,S000041,ADAM,AMD_WET,AMD_WET,1,2.25582680778955e-07,0.9997641252445847,0.00023564917273451036
RETFOUND_MAE_CFP_FROZEN_PCA128_SVM,3407,ADAM,S000042,ADAM,AMD_WET,AMD_DRY,0,0.9399516509679295,0.059716448068698705,0.0003319009633718198
RETFOUND_MAE_CFP_FROZEN_PCA128_SVM,3407,ADAM,S000043,ADAM,AMD_WET,AMD_WET,1,2.6462700538728024e-07,0.9997392222950587,0.0002605130779359392
RETFOUND_MAE_CFP_FROZEN_PCA128_SVM,3407,ADAM,S000044,ADAM,AMD_WET,AMD_DRY,0,0.9834904795303234,0.01620503262852161,0.000304487841155025
RETFOUND_MAE_CFP_FROZEN_PCA128_SVM,3407,ADAM,S000045,ADAM,AMD_WET,AMD_DRY,0,0.7617772681268197,0.23659789581745652,0.0016248360557235472
RETFOUND_MAE_CFP_FROZEN_PCA128_SVM,3407,ADAM,S000046,ADAM,AMD_WET,AMD_WET,1,0.0017384576463595899,0.9982552656330254,6.276720615046469e-06
RETFOUND_MAE_CFP_FROZEN_PCA128_SVM,3407,ADAM,S000047,ADAM,AMD_WET,AMD_WET,1,0.2718473966892257,0.44345989142573233,0.2846927118850416
RETFOUND_MAE_CFP_FROZEN_PCA128_SVM,3407,ADAM,S000048,ADAM,AMD_WET,AMD_WET,1,0.03935087678663593,0.960050842120588,0.0005982810927760884
RETFOUND_MAE_CFP_FROZEN_PCA128_SVM,3407,ADAM,S000049,ADAM,AMD_WET,NORMAL,0,0.004424537812879542,0.0021171799323599807,0.9934582822547605
RETFOUND_MAE_CFP_FROZEN_PCA128_SVM,3407,ADAM,S000050,ADAM,AMD_WET,AMD_DRY,0,0.8799543314725042,0.11999470121612682,5.096731136904217e-05
RETFOUND_MAE_CFP_FROZEN_PCA128_SVM,3407,ADAM,S000051,ADAM,AMD_WET,AMD_WET,1,0.00630440895998043,0.9931560764706204,0.0005395145693995423
RETFOUND_MAE_CFP_FROZEN_PCA128_SVM,3407,ADAM,S000052,ADAM,AMD_WET,AMD_WET,1,0.02128756500120911,0.9745872347023058,0.0041252002964851245
RETFOUND_MAE_CFP_FROZEN_PCA128_SVM,3407,FIVES,S000053,FIVES,NORMAL,NORMAL,1,0.0038637729678140647,0.007567095516876628,0.9885691315153095
RETFOUND_MAE_CFP_FROZEN_PCA128_SVM,3407,FIVES,S000054,FIVES,NORMAL,NORMAL,1,0.002628421625146491,0.0034898275276143377,0.9938817508472391
RETFOUND_MAE_CFP_FROZEN_PCA128_SVM,3407,FIVES,S000055,FIVES,NORMAL,NORMAL,1,0.05593592304605663,0.0822661185766596,0.8617979583772839
RETFOUND_MAE_CFP_FROZEN_PCA128_SVM,3407,FIVES,S000056,FIVES,NORMAL,NORMAL,1,0.06280347401674229,0.06369878039949771,0.8734977455837601
RETFOUND_MAE_CFP_FROZEN_PCA128_SVM,3407,FIVES,S000057,FIVES,NORMAL,NORMAL,1,0.001973051687248505,0.014306991369321368,0.9837199569434301
RETFOUND_MAE_CFP_FROZEN_PCA128_SVM,3407,FIVES,S000058,FIVES,NORMAL,NORMAL,1,0.026595557455041788,0.07271623020028156,0.9006882123446764
RETFOUND_MAE_CFP_FROZEN_PCA128_SVM,3407,FIVES,S000059,FIVES,NORMAL,NORMAL,1,0.003283484100964743,0.0074209148057527725,0.9892956010932824
RETFOUND_MAE_CFP_FROZEN_PCA128_SVM,3407,FIVES,S000060,FIVES,NORMAL,NORMAL,1,0.0017460560887173975,0.01677107593207091,0.9814828679792117
RETFOUND_MAE_CFP_FROZEN_PCA128_SVM,3407,FIVES,S000061,FIVES,NORMAL,NORMAL,1,0.005984337457463013,0.01965125813999686,0.9743644044025401
RETFOUND_MAE_CFP_FROZEN_PCA128_SVM,3407,FIVES,S000062,FIVES,NORMAL,NORMAL,1,0.09196650478382286,0.028429998272058863,0.8796034969441184
RETFOUND_MAE_CFP_FROZEN_PCA128_SVM,3407,FIVES,S000063,FIVES,NORMAL,NORMAL,1,0.006346856383997705,0.0034019823914811123,0.990251161224521
RETFOUND_MAE_CFP_FROZEN_PCA128_SVM,3407,FIVES,S000064,FIVES,NORMAL,NORMAL,1,0.004149847247485719,0.002907179575457587,0.9929429731770566
RETFOUND_MAE_CFP_FROZEN_PCA128_SVM,3407,FIVES,S000065,FIVES,NORMAL,NORMAL,1,0.012586613577165794,0.009938230088985296,0.9774751563338487
RETFOUND_MAE_CFP_FROZEN_PCA128_SVM,3407,FIVES,S000066,FIVES,NORMAL,NORMAL,1,0.007876670311755016,0.003615154107166879,0.9885081755810783
RETFOUND_MAE_CFP_FROZEN_PCA128_SVM,3407,FIVES,S000067,FIVES,NORMAL,NORMAL,1,0.0029949872455406145,0.005347914270622534,0.9916570984838367
RETFOUND_MAE_CFP_FROZEN_PCA128_SVM,3407,FIVES,S000068,FIVES,NORMAL,NORMAL,1,0.06109648770651056,0.022064377004478754,0.9168391352890107
RETFOUND_MAE_CFP_FROZEN_PCA128_SVM,3407,FIVES,S000069,FIVES,NORMAL,NORMAL,1,0.00029963204531305846,0.001392662176670007,0.9983077057780168
RETFOUND_MAE_CFP_FROZEN_PCA128_SVM,3407,FIVES,S000070,FIVES,NORMAL,NORMAL,1,0.03745878046524463,0.013977944737713221,0.948563274797042
RETFOUND_MAE_CFP_FROZEN_PCA128_SVM,3407,FIVES,S000071,FIVES,NORMAL,NORMAL,1,0.04739146776548801,0.034189802945900925,0.918418729288611
RETFOUND_MAE_CFP_FROZEN_PCA128_SVM,3407,FIVES,S000072,FIVES,NORMAL,NORMAL,1,0.18334834632538693,0.09126161742278562,0.7253900362518274
RETFOUND_MAE_CFP_FROZEN_PCA128_SVM,3407,FIVES,S000073,FIVES,NORMAL,NORMAL,1,0.036974509760641996,0.010605901296183315,0.9524195889431747
RETFOUND_MAE_CFP_FROZEN_PCA128_SVM,3407,FIVES,S000074,FIVES,NORMAL,NORMAL,1,0.0034255162731357514,0.01282716193608961,0.9837473217907747
RETFOUND_MAE_CFP_FROZEN_PCA128_SVM,3407,FIVES,S000075,FIVES,NORMAL,NORMAL,1,0.000423229323888509,0.003913414050650372,0.9956633566254612
RETFOUND_MAE_CFP_FROZEN_PCA128_SVM,3407,FIVES,S000076,FIVES,NORMAL,NORMAL,1,0.12106330446816262,0.017638103742903824,0.8612985917889335
RETFOUND_MAE_CFP_FROZEN_PCA128_SVM,3407,FIVES,S000077,FIVES,NORMAL,NORMAL,1,0.06453099254291951,0.013684706154139132,0.9217843013029413
RETFOUND_MAE_CFP_FROZEN_PCA128_SVM,3407,FIVES,S000078,FIVES,NORMAL,NORMAL,1,0.03963293499396113,0.03520103905380328,0.9251660259522355
RETFOUND_MAE_CFP_FROZEN_PCA128_SVM,3407,FIVES,S000079,FIVES,NORMAL,NORMAL,1,0.009600186852335487,0.04231530436034482,0.9480845087873196
RETFOUND_MAE_CFP_FROZEN_PCA128_SVM,3407,FIVES,S000080,FIVES,NORMAL,NORMAL,1,0.008545044878452193,0.0024491139076060074,0.9890058412139417
RETFOUND_MAE_CFP_FROZEN_PCA128_SVM,3407,FIVES,S000081,FIVES,NORMAL,NORMAL,1,0.001268492126173059,0.0012954187249108865,0.9974360891489161
RETFOUND_MAE_CFP_FROZEN_PCA128_SVM,3407,FIVES,S000082,FIVES,NORMAL,NORMAL,1,0.011244330239190527,0.006056162894242316,0.9826995068665672
RETFOUND_MAE_CFP_FROZEN_PCA128_SVM,3407,FIVES,S000083,FIVES,NORMAL,NORMAL,1,0.005025565026444722,0.01640306149857242,0.9785713734749827
RETFOUND_MAE_CFP_FROZEN_PCA128_SVM,3407,FIVES,S000084,FIVES,NORMAL,NORMAL,1,0.004756695170687088,0.009114498881506549,0.9861288059478064
RETFOUND_MAE_CFP_FROZEN_PCA128_SVM,3407,FIVES,S000085,FIVES,NORMAL,NORMAL,1,0.012437984653075461,0.008476681023179685,0.979085334323745
RETFOUND_MAE_CFP_FROZEN_PCA128_SVM,3407,FIVES,S000086,FIVES,NORMAL,NORMAL,1,0.19892014964356908,0.1275954777968648,0.6734843725595662
RETFOUND_MAE_CFP_FROZEN_PCA128_SVM,3407,FIVES,S000087,FIVES,NORMAL,NORMAL,1,0.0024086273384028266,0.0026434227352358022,0.9949479499263615
RETFOUND_MAE_CFP_FROZEN_PCA128_SVM,3407,FIVES,S000088,FIVES,NORMAL,NORMAL,1,0.14403628045610375,0.003654833281821198,0.852308886262075
RETFOUND_MAE_CFP_FROZEN_PCA128_SVM,3407,FIVES,S000089,FIVES,NORMAL,NORMAL,1,0.06618564644063724,0.0045831390266670895,0.9292312145326956
RETFOUND_MAE_CFP_FROZEN_PCA128_SVM,3407,FIVES,S000090,FIVES,NORMAL,NORMAL,1,0.008160659271498484,0.014515574548757371,0.9773237661797439
RETFOUND_MAE_CFP_FROZEN_PCA128_SVM,3407,FIVES,S000091,FIVES,NORMAL,NORMAL,1,0.00914058247679634,0.005697873418463722,0.9851615441047398
RETFOUND_MAE_CFP_FROZEN_PCA128_SVM,3407,FIVES,S000092,FIVES,NORMAL,NORMAL,1,0.02751508726732696,0.019759586305077056,0.952725326427596
RETFOUND_MAE_CFP_FROZEN_PCA128_SVM,3407,FIVES,S000093,FIVES,NORMAL,NORMAL,1,0.007322178475166835,0.005167867863487829,0.9875099536613452
RETFOUND_MAE_CFP_FROZEN_PCA128_SVM,3407,FIVES,S000094,FIVES,NORMAL,NORMAL,1,0.0029451018217207772,0.006695371032595363,0.9903595271456839
RETFOUND_MAE_CFP_FROZEN_PCA128_SVM,3407,FIVES,S000095,FIVES,NORMAL,NORMAL,1,0.004925283438364118,0.02482410049566474,0.9702506160659713
RETFOUND_MAE_CFP_FROZEN_PCA128_SVM,3407,FIVES,S000096,FIVES,NORMAL,NORMAL,1,0.34669278860189157,0.05309096525584296,0.6002162461422657
RETFOUND_MAE_CFP_FROZEN_PCA128_SVM,3407,FIVES,S000097,FIVES,NORMAL,NORMAL,1,0.0570878780301935,0.03885764590568191,0.9040544760641244
RETFOUND_MAE_CFP_FROZEN_PCA128_SVM,3407,FIVES,S000098,FIVES,NORMAL,NORMAL,1,0.037081457828381986,0.022588160471827882,0.9403303816997901
RETFOUND_MAE_CFP_FROZEN_PCA128_SVM,3407,FIVES,S000099,FIVES,NORMAL,NORMAL,1,0.19452321698467823,0.07491100334414878,0.7305657796711726
RETFOUND_MAE_CFP_FROZEN_PCA128_SVM,3407,FIVES,S000100,FIVES,NORMAL,NORMAL,1,0.3335274816675541,0.06634477182703855,0.6001277465054075
RETFOUND_MAE_CFP_FROZEN_PCA128_SVM,3407,FIVES,S000101,FIVES,NORMAL,NORMAL,1,0.0626784851177574,0.018173760396662846,0.9191477544855795
RETFOUND_MAE_CFP_FROZEN_PCA128_SVM,3407,FIVES,S000102,FIVES,NORMAL,NORMAL,1,0.0068581319342471865,0.008020097062247803,0.985121771003505
RETFOUND_MAE_CFP_FROZEN_PCA128_SVM,3407,FIVES,S000103,FIVES,NORMAL,NORMAL,1,0.006846503896970293,0.005223689530210894,0.9879298065728188
RETFOUND_MAE_CFP_FROZEN_PCA128_SVM,3407,FIVES,S000104,FIVES,NORMAL,NORMAL,1,0.0027771270491318777,0.006221252110836856,0.9910016208400312
RETFOUND_MAE_CFP_FROZEN_PCA128_SVM,3407,FIVES,S000105,FIVES,NORMAL,NORMAL,1,0.005949081229331965,0.022408794550675192,0.9716421242199931
RETFOUND_MAE_CFP_FROZEN_PCA128_SVM,3407,FIVES,S000106,FIVES,NORMAL,NORMAL,1,0.008195529085917728,0.016859856574835626,0.9749446143392467
RETFOUND_MAE_CFP_FROZEN_PCA128_SVM,3407,FIVES,S000107,FIVES,NORMAL,NORMAL,1,0.009936347819780846,0.03052655885408366,0.9595370933261358
RETFOUND_MAE_CFP_FROZEN_PCA128_SVM,3407,FIVES,S000108,FIVES,NORMAL,NORMAL,1,0.0039317118422648786,0.012776510268305457,0.9832917778894297
RETFOUND_MAE_CFP_FROZEN_PCA128_SVM,3407,FIVES,S000109,FIVES,NORMAL,NORMAL,1,0.005051646690560657,0.015430852804308906,0.9795175005051304
RETFOUND_MAE_CFP_FROZEN_PCA128_SVM,3407,FIVES,S000110,FIVES,NORMAL,NORMAL,1,0.09788794781451736,0.02755478245693289,0.8745572697285499
RETFOUND_MAE_CFP_FROZEN_PCA128_SVM,3407,FIVES,S000111,FIVES,NORMAL,NORMAL,1,0.11812548480119152,0.056027886738665,0.8258466284601437
RETFOUND_MAE_CFP_FROZEN_PCA128_SVM,3407,FIVES,S000112,FIVES,NORMAL,NORMAL,1,0.06640305993613982,0.04095710417687071,0.8926398358869897
RETFOUND_MAE_CFP_FROZEN_PCA128_SVM,3407,FIVES,S000113,FIVES,NORMAL,NORMAL,1,0.03307010049676308,0.06197636296046224,0.904953536542775
RETFOUND_MAE_CFP_FROZEN_PCA128_SVM,3407,FIVES,S000114,FIVES,NORMAL,NORMAL,1,0.0056949918203620465,0.02219512013376071,0.9721098880458776
RETFOUND_MAE_CFP_FROZEN_PCA128_SVM,3407,FIVES,S000115,FIVES,NORMAL,NORMAL,1,0.01005241598000991,0.02744953056034897,0.9624980534596409
RETFOUND_MAE_CFP_FROZEN_PCA128_SVM,3407,FIVES,S000116,FIVES,NORMAL,NORMAL,1,0.0701710719978433,0.024436864663656292,0.9053920633385002
RETFOUND_MAE_CFP_FROZEN_PCA128_SVM,3407,FIVES,S000117,FIVES,NORMAL,NORMAL,1,0.1749315806409518,0.01944903896293916,0.805619380396109
RETFOUND_MAE_CFP_FROZEN_PCA128_SVM,3407,FIVES,S000118,FIVES,NORMAL,NORMAL,1,0.017712934300978783,0.03274205924702865,0.9495450064519924
RETFOUND_MAE_CFP_FROZEN_PCA128_SVM,3407,FIVES,S000119,FIVES,NORMAL,NORMAL,1,0.025523140245706125,0.02115677044131467,0.9533200893129792
RETFOUND_MAE_CFP_FROZEN_PCA128_SVM,3407,FIVES,S000120,FIVES,NORMAL,NORMAL,1,0.0021071897297839934,0.003439557790513421,0.9944532524797026
RETFOUND_MAE_CFP_FROZEN_PCA128_SVM,3407,FIVES,S000121,FIVES,NORMAL,NORMAL,1,0.0049027854414159435,0.005964723627782561,0.9891324909308015
RETFOUND_MAE_CFP_FROZEN_PCA128_SVM,3407,FIVES,S000122,FIVES,NORMAL,NORMAL,1,0.001184969782976401,0.0037886739781340666,0.9950263562388896
RETFOUND_MAE_CFP_FROZEN_PCA128_SVM,3407,FIVES,S000123,FIVES,NORMAL,NORMAL,1,0.002397145463619266,0.0038923926560394642,0.9937104618803413
RETFOUND_MAE_CFP_FROZEN_PCA128_SVM,3407,FIVES,S000124,FIVES,NORMAL,NORMAL,1,0.003762160227572184,0.017101315414713908,0.9791365243577138
RETFOUND_MAE_CFP_FROZEN_PCA128_SVM,3407,FIVES,S000125,FIVES,NORMAL,NORMAL,1,0.00036293070465911195,0.0065096536805451565,0.9931274156147958
RETFOUND_MAE_CFP_FROZEN_PCA128_SVM,3407,FIVES,S000126,FIVES,NORMAL,NORMAL,1,0.17836305156766713,0.02783363284893076,0.7938033155834019
RETFOUND_MAE_CFP_FROZEN_PCA128_SVM,3407,FIVES,S000127,FIVES,NORMAL,NORMAL,1,0.025956003952308373,0.024753805879123406,0.9492901901685681
RETFOUND_MAE_CFP_FROZEN_PCA128_SVM,3407,FIVES,S000128,FIVES,NORMAL,NORMAL,1,0.004114238445541019,0.013411820947942672,0.9824739406065163
RETFOUND_MAE_CFP_FROZEN_PCA128_SVM,3407,FIVES,S000129,FIVES,NORMAL,NORMAL,1,0.0024290035481196945,0.008844264819470446,0.9887267316324098
RETFOUND_MAE_CFP_FROZEN_PCA128_SVM,3407,FIVES,S000130,FIVES,NORMAL,NORMAL,1,0.04656389091000515,0.024595542264135725,0.9288405668258592
RETFOUND_MAE_CFP_FROZEN_PCA128_SVM,3407,FIVES,S000131,FIVES,NORMAL,NORMAL,1,0.0013239818685810384,0.0011712499562417647,0.9975047681751771
RETFOUND_MAE_CFP_FROZEN_PCA128_SVM,3407,FIVES,S000132,FIVES,NORMAL,NORMAL,1,0.0037167750426720775,0.0007159998379841117,0.9955672251193438
RETFOUND_MAE_CFP_FROZEN_PCA128_SVM,3407,FIVES,S000133,FIVES,NORMAL,NORMAL,1,0.010427669590197981,0.004170127058774801,0.9854022033510274
RETFOUND_MAE_CFP_FROZEN_PCA128_SVM,3407,FIVES,S000134,FIVES,NORMAL,NORMAL,1,0.004044283134619469,0.006807110480072559,0.9891486063853081
RETFOUND_MAE_CFP_FROZEN_PCA128_SVM,3407,FIVES,S000135,FIVES,NORMAL,NORMAL,1,0.0036752706068213753,0.0027166228446538045,0.9936081065485247
RETFOUND_MAE_CFP_FROZEN_PCA128_SVM,3407,FIVES,S000136,FIVES,NORMAL,NORMAL,1,0.008001761552121345,0.001343970066521782,0.9906542683813568
RETFOUND_MAE_CFP_FROZEN_PCA128_SVM,3407,FIVES,S000137,FIVES,NORMAL,NORMAL,1,0.06517946929765094,0.007168391082497018,0.9276521396198519
RETFOUND_MAE_CFP_FROZEN_PCA128_SVM,3407,FIVES,S000138,FIVES,NORMAL,NORMAL,1,0.006267337032149959,0.006498325806090941,0.987234337161759
RETFOUND_MAE_CFP_FROZEN_PCA128_SVM,3407,FIVES,S000139,FIVES,NORMAL,NORMAL,1,0.01809778153168872,0.045203667310473455,0.936698551157838
RETFOUND_MAE_CFP_FROZEN_PCA128_SVM,3407,FIVES,S000140,FIVES,NORMAL,NORMAL,1,0.011108573842082166,0.0014387143138619486,0.987452711844056
RETFOUND_MAE_CFP_FROZEN_PCA128_SVM,3407,FIVES,S000141,FIVES,NORMAL,NORMAL,1,0.0004920109225329045,0.000998545099427025,0.9985094439780401
RETFOUND_MAE_CFP_FROZEN_PCA128_SVM,3407,FIVES,S000142,FIVES,NORMAL,NORMAL,1,0.007442455357187795,0.008086259137485324,0.9844712855053268
RETFOUND_MAE_CFP_FROZEN_PCA128_SVM,3407,FIVES,S000143,FIVES,NORMAL,NORMAL,1,0.002715340119474829,0.006081817869488938,0.9912028420110364
RETFOUND_MAE_CFP_FROZEN_PCA128_SVM,3407,FIVES,S000144,FIVES,NORMAL,NORMAL,1,0.08880523381992796,0.11860104678268957,0.7925937193973824
RETFOUND_MAE_CFP_FROZEN_PCA128_SVM,3407,FIVES,S000145,FIVES,NORMAL,NORMAL,1,0.01696878214098139,0.00888347825602377,0.9741477396029947
RETFOUND_MAE_CFP_FROZEN_PCA128_SVM,3407,FIVES,S000146,FIVES,NORMAL,NORMAL,1,0.02336703866557842,0.0554212875747241,0.921211673759697
RETFOUND_MAE_CFP_FROZEN_PCA128_SVM,3407,FIVES,S000147,FIVES,NORMAL,NORMAL,1,0.005830582941088198,0.01759658730611502,0.9765728297527967
RETFOUND_MAE_CFP_FROZEN_PCA128_SVM,3407,FIVES,S000148,FIVES,NORMAL,NORMAL,1,0.0012343181146587242,0.0026909037696140332,0.9960747781157273
RETFOUND_MAE_CFP_FROZEN_PCA128_SVM,3407,FIVES,S000149,FIVES,NORMAL,NORMAL,1,0.0014071198111948759,0.00396431946907797,0.9946285607197269
RETFOUND_MAE_CFP_FROZEN_PCA128_SVM,3407,FIVES,S000150,FIVES,NORMAL,NORMAL,1,0.007923252485941784,0.03129649165315566,0.9607802558609029
RETFOUND_MAE_CFP_FROZEN_PCA128_SVM,3407,FIVES,S000151,FIVES,NORMAL,NORMAL,1,0.007636901534772366,0.00905194193841969,0.9833111565268078
RETFOUND_MAE_CFP_FROZEN_PCA128_SVM,3407,FIVES,S000152,FIVES,AMD_DRY,AMD_WET,0,0.4504174048517105,0.5471185686282429,0.0024640265200466
RETFOUND_MAE_CFP_FROZEN_PCA128_SVM,3407,FIVES,S000153,FIVES,AMD_DRY,AMD_DRY,1,0.7958840948334216,0.19912195937679786,0.0049939457897804585
RETFOUND_MAE_CFP_FROZEN_PCA128_SVM,3407,FIVES,S000154,FIVES,AMD_DRY,AMD_DRY,1,0.7529254074997301,0.2454122709242211,0.0016623215760487547
RETFOUND_MAE_CFP_FROZEN_PCA128_SVM,3407,FIVES,S000155,FIVES,AMD_DRY,AMD_DRY,1,0.8742576178222293,0.12448073608424196,0.001261646093528552
RETFOUND_MAE_CFP_FROZEN_PCA128_SVM,3407,FIVES,S000156,FIVES,AMD_DRY,AMD_DRY,1,0.972425784278583,0.02516055509535117,0.002413660626066021
RETFOUND_MAE_CFP_FROZEN_PCA128_SVM,3407,FIVES,S000157,FIVES,AMD_DRY,AMD_WET,0,0.2221918213847399,0.7708362237185988,0.0069719548966612355
RETFOUND_MAE_CFP_FROZEN_PCA128_SVM,3407,FIVES,S000158,FIVES,AMD_DRY,AMD_DRY,1,0.8853916954970981,0.11293350391159823,0.001674800591303382
RETFOUND_MAE_CFP_FROZEN_PCA128_SVM,3407,FIVES,S000159,FIVES,AMD_DRY,AMD_DRY,1,0.8653310937425747,0.13120172700356744,0.0034671792538575837
RETFOUND_MAE_CFP_FROZEN_PCA128_SVM,3407,FIVES,S000160,FIVES,AMD_DRY,AMD_DRY,1,0.8616619683298163,0.1247579916507159,0.013580040019467755
RETFOUND_MAE_CFP_FROZEN_PCA128_SVM,3407,FIVES,S000161,FIVES,AMD_DRY,AMD_WET,0,0.20411979518251086,0.7928684280983209,0.0030117767191683467
RETFOUND_MAE_CFP_FROZEN_PCA128_SVM,3407,FIVES,S000162,FIVES,AMD_DRY,AMD_DRY,1,0.8714911823695667,0.12573214351585738,0.0027766741145758113
RETFOUND_MAE_CFP_FROZEN_PCA128_SVM,3407,FIVES,S000163,FIVES,AMD_DRY,AMD_DRY,1,0.9289623413715578,0.06941464024814066,0.00162301838030154
RETFOUND_MAE_CFP_FROZEN_PCA128_SVM,3407,FIVES,S000164,FIVES,AMD_DRY,AMD_DRY,1,0.7470357847836135,0.2427539660773018,0.010210249139084596
RETFOUND_MAE_CFP_FROZEN_PCA128_SVM,3407,FIVES,S000165,FIVES,AMD_DRY,AMD_DRY,1,0.914433280022186,0.08403863934353203,0.0015280806342818376
RETFOUND_MAE_CFP_FROZEN_PCA128_SVM,3407,FIVES,S000166,FIVES,AMD_DRY,AMD_WET,0,0.0028438975980882826,0.9969841813354717,0.00017192106644016994
RETFOUND_MAE_CFP_FROZEN_PCA128_SVM,3407,FIVES,S000167,FIVES,AMD_WET,AMD_WET,1,0.005049197638819368,0.9942785696685852,0.0006722326925953997
RETFOUND_MAE_CFP_FROZEN_PCA128_SVM,3407,FIVES,S000168,FIVES,AMD_WET,AMD_WET,1,0.0053448707003211976,0.9936665801982355,0.0009885491014432347
RETFOUND_MAE_CFP_FROZEN_PCA128_SVM,3407,FIVES,S000169,FIVES,AMD_WET,AMD_WET,1,0.0040803476271781824,0.9941894421500654,0.0017302102227563492
RETFOUND_MAE_CFP_FROZEN_PCA128_SVM,3407,FIVES,S000170,FIVES,AMD_WET,AMD_WET,1,0.002584584754549474,0.9958264862336043,0.001588929011845997
RETFOUND_MAE_CFP_FROZEN_PCA128_SVM,3407,FIVES,S000171,FIVES,AMD_WET,AMD_WET,1,0.008644983519266899,0.9900380548113119,0.001316961669421071
RETFOUND_MAE_CFP_FROZEN_PCA128_SVM,3407,FIVES,S000172,FIVES,AMD_WET,AMD_WET,1,0.007564018959606723,0.9873866437166902,0.005049337323703255
RETFOUND_MAE_CFP_FROZEN_PCA128_SVM,3407,FIVES,S000173,FIVES,AMD_WET,AMD_WET,1,0.09079598410984309,0.8758067691933158,0.033397246696840896
RETFOUND_MAE_CFP_FROZEN_PCA128_SVM,3407,FIVES,S000174,FIVES,AMD_WET,AMD_WET,1,0.1051966476060042,0.8892387506883175,0.005564601705678129
RETFOUND_MAE_CFP_FROZEN_PCA128_SVM,3407,FIVES,S000175,FIVES,AMD_WET,AMD_WET,1,0.11694841275372189,0.8804645869546782,0.002587000291599887
RETFOUND_MAE_CFP_FROZEN_PCA128_SVM,3407,FIVES,S000176,FIVES,AMD_WET,AMD_WET,1,0.043814908751414264,0.9545433952712952,0.0016416959772906678
RETFOUND_MAE_CFP_FROZEN_PCA128_SVM,3407,FIVES,S000177,FIVES,AMD_WET,AMD_WET,1,0.03873491384003115,0.9560913085706993,0.0051737775892696175
RETFOUND_MAE_CFP_FROZEN_PCA128_SVM,3407,FIVES,S000178,FIVES,AMD_WET,AMD_WET,1,0.06028000599355338,0.9377853996436057,0.0019345943628406828
RETFOUND_MAE_CFP_FROZEN_PCA128_SVM,3407,FIVES,S000179,FIVES,AMD_WET,AMD_WET,1,0.07774124508918581,0.9160989628331856,0.006159792077628788
RETFOUND_MAE_CFP_FROZEN_PCA128_SVM,3407,FIVES,S000180,FIVES,AMD_WET,AMD_WET,1,0.018498757701027956,0.9806184887383795,0.0008827535605926096
RETFOUND_MAE_CFP_FROZEN_PCA128_SVM,3407,FIVES,S000181,FIVES,AMD_WET,AMD_WET,1,0.02909022330577814,0.970333681294324,0.0005760953998981482
RETFOUND_MAE_CFP_FROZEN_PCA128_SVM,3407,FIVES,S000182,FIVES,AMD_WET,AMD_WET,1,0.021486783932773982,0.9777341799608426,0.0007790361063833426
RETFOUND_MAE_CFP_FROZEN_PCA128_SVM,3407,FIVES,S000183,FIVES,AMD_WET,AMD_WET,1,0.002722584979767589,0.9933304382175457,0.003946976802686594
RETFOUND_MAE_CFP_FROZEN_PCA128_SVM,3407,FIVES,S000184,FIVES,AMD_WET,AMD_WET,1,0.005068791505444356,0.9946686424225977,0.00026256607195784847
RETFOUND_MAE_CFP_FROZEN_PCA128_SVM,3407,FIVES,S000185,FIVES,AMD_WET,AMD_WET,1,0.015505060155833937,0.9834635071089228,0.001031432735243266
RETFOUND_MAE_CFP_FROZEN_PCA128_SVM,3407,FIVES,S000186,FIVES,AMD_WET,AMD_WET,1,0.006601990270133221,0.9922828387869644,0.0011151709429022935
RETFOUND_MAE_CFP_FROZEN_PCA128_SVM,3407,FIVES,S000187,FIVES,AMD_WET,AMD_WET,1,0.09377340886933354,0.904299485091002,0.0019271060396644937
RETFOUND_MAE_CFP_FROZEN_PCA128_SVM,3407,FIVES,S000188,FIVES,AMD_WET,AMD_WET,1,0.006414612675279962,0.9932117759783476,0.0003736113463722696
RETFOUND_MAE_CFP_FROZEN_PCA128_SVM,3407,FIVES,S000189,FIVES,AMD_WET,AMD_WET,1,0.042039103297409654,0.9567730029920529,0.0011878937105374683
RETFOUND_MAE_CFP_FROZEN_PCA128_SVM,3407,FIVES,S000190,FIVES,AMD_WET,AMD_WET,1,0.3487505112128566,0.6432865968492218,0.007962891937921338
RETFOUND_MAE_CFP_FROZEN_PCA128_SVM,3407,FIVES,S000191,FIVES,AMD_WET,AMD_WET,1,2.1244935634331364e-06,0.9993763227258516,0.0006215527805849309
RETFOUND_MAE_CFP_FROZEN_PCA128_SVM,3407,FIVES,S000192,FIVES,AMD_WET,NORMAL,0,0.29020633004578034,0.1977602478769082,0.5120334220773114
RETFOUND_MAE_CFP_FROZEN_PCA128_SVM,3407,FIVES,S000193,FIVES,AMD_WET,AMD_WET,1,0.012552499788856307,0.9827889335243994,0.004658566686744266
RETFOUND_MAE_CFP_FROZEN_PCA128_SVM,3407,FIVES,S000194,FIVES,AMD_WET,AMD_WET,1,0.08979170686923245,0.8997143869017721,0.010493906228995396
RETFOUND_MAE_CFP_FROZEN_PCA128_SVM,3407,FIVES,S000195,FIVES,AMD_WET,AMD_WET,1,2.8654548740112955e-06,0.9993618349142547,0.0006352996308713539
RETFOUND_MAE_CFP_FROZEN_PCA128_SVM,3407,FIVES,S000196,FIVES,AMD_WET,AMD_WET,1,0.00480385533136161,0.9943309194468651,0.000865225221773414
RETFOUND_MAE_CFP_FROZEN_PCA128_SVM,3407,FIVES,S000197,FIVES,AMD_WET,AMD_WET,1,1.8785719230228898e-06,0.9995798575427021,0.00041826388537486467
RETFOUND_MAE_CFP_FROZEN_PCA128_SVM,3407,FIVES,S000198,FIVES,AMD_WET,AMD_WET,1,0.020967889360758454,0.9702167439233782,0.008815366715863667
RETFOUND_MAE_CFP_FROZEN_PCA128_SVM,3407,FIVES,S000199,FIVES,AMD_WET,AMD_WET,1,0.3968593778035058,0.6014605366587964,0.0016800855376977598
RETFOUND_MAE_CFP_FROZEN_PCA128_SVM,3407,FIVES,S000200,FIVES,AMD_WET,AMD_WET,1,0.2757534410355177,0.5268899109085717,0.19735664805591063
RETFOUND_MAE_CFP_FROZEN_PCA128_SVM,3407,FIVES,S000201,FIVES,AMD_WET,AMD_WET,1,2.7394538524961174e-06,0.9994991637994943,0.0004980967466532673
RETFOUND_MAE_CFP_FROZEN_PCA128_SVM,3407,FIVES,S000202,FIVES,AMD_WET,AMD_WET,1,0.019940518458136332,0.9759552144463002,0.0041042670955634755
RETFOUND_MAE_CFP_FROZEN_PCA128_SVM,3407,FIVES,S000203,FIVES,AMD_WET,AMD_WET,1,0.008419502092508083,0.9778952803756462,0.013685217531845938
RETFOUND_MAE_CFP_FROZEN_PCA128_SVM,3407,FIVES,S000204,FIVES,AMD_WET,AMD_WET,1,0.01433878035356266,0.9835097666232232,0.0021514530232141765
RETFOUND_MAE_CFP_FROZEN_PCA128_SVM,3407,FIVES,S000205,FIVES,AMD_WET,AMD_WET,1,0.003147792704089352,0.9955141189636199,0.0013380883322908672
RETFOUND_MAE_CFP_FROZEN_PCA128_SVM,3407,FIVES,S000207,FIVES,AMD_WET,AMD_WET,1,0.0027785981814873293,0.9967522121834795,0.00046918963503331034
RETFOUND_MAE_CFP_FROZEN_PCA128_SVM,3407,FIVES,S000208,FIVES,AMD_WET,AMD_WET,1,0.12726150260033445,0.871837619069719,0.0009008783299463179
RETFOUND_MAE_CFP_FROZEN_PCA128_SVM,3407,FIVES,S000209,FIVES,AMD_WET,AMD_WET,1,0.13370287640591386,0.8090272789983253,0.0572698445957608
RETFOUND_MAE_CFP_FROZEN_PCA128_SVM,3407,FIVES,S000210,FIVES,AMD_WET,AMD_WET,1,0.029524841593436865,0.9654695955423125,0.0050055628642506084
RETFOUND_MAE_CFP_FROZEN_PCA128_SVM,3407,FIVES,S000211,FIVES,AMD_WET,AMD_WET,1,0.24431226589305274,0.7523266798992767,0.003361054207670321
RETFOUND_MAE_CFP_FROZEN_PCA128_SVM,3407,FIVES,S000212,FIVES,AMD_WET,AMD_WET,1,0.07167227372873762,0.9236218419418852,0.004705884329377149
RETFOUND_MAE_CFP_FROZEN_PCA128_SVM,3407,FIVES,S000213,FIVES,AMD_WET,AMD_DRY,0,0.5147730718442414,0.27851861054642774,0.20670831760933092
RETFOUND_MAE_CFP_FROZEN_PCA128_SVM,3407,FIVES,S000214,FIVES,AMD_WET,AMD_WET,1,0.09785863570533222,0.9006504975854529,0.0014908667092149842
RETFOUND_MAE_CFP_FROZEN_PCA128_SVM,3407,FIVES,S000215,FIVES,AMD_WET,AMD_WET,1,2.2191347528768158e-05,0.9975540099964573,0.0024237986560139836
RETFOUND_MAE_CFP_FROZEN_PCA128_SVM,3407,FIVES,S000216,FIVES,AMD_WET,AMD_WET,1,0.002495810025065913,0.996595056129685,0.0009091338452490545
RETFOUND_MAE_CFP_FROZEN_PCA128_SVM,3407,FIVES,S000217,FIVES,AMD_WET,AMD_WET,1,0.031034712044979252,0.9632730519729433,0.0056922359820769566
RETFOUND_MAE_CFP_FROZEN_PCA128_SVM,3407,FIVES,S000218,FIVES,AMD_WET,NORMAL,0,0.35461831460922627,0.1497674830561061,0.49561420233466785
RETFOUND_MAE_CFP_FROZEN_PCA128_SVM,3407,FIVES,S000220,FIVES,AMD_WET,AMD_WET,1,0.0095684322079606,0.9896158529434458,0.0008157148485936769
RETFOUND_MAE_CFP_FROZEN_PCA128_SVM,3407,FIVES,S000221,FIVES,AMD_WET,AMD_WET,1,0.060103363508949924,0.9361437219822364,0.003752914508813535
RETFOUND_MAE_CFP_FROZEN_PCA128_SVM,3407,FIVES,S000222,FIVES,AMD_WET,AMD_WET,1,2.5688551863811117e-05,0.9966924070550618,0.0032819043930744545
RETFOUND_MAE_CFP_FROZEN_PCA128_SVM,3407,FIVES,S000223,FIVES,AMD_WET,AMD_DRY,0,0.8508737655938635,0.1405650664539173,0.008561167952219239
RETFOUND_MAE_CFP_FROZEN_PCA128_SVM,3407,FIVES,S000224,FIVES,AMD_WET,AMD_WET,1,0.0862180638766799,0.911789542870993,0.0019923932523271104
RETFOUND_MAE_CFP_FROZEN_PCA128_SVM,3407,FIVES,S000225,FIVES,AMD_WET,AMD_WET,1,0.235157279659608,0.7251444267738983,0.03969829356649356
RETFOUND_MAE_CFP_FROZEN_PCA128_SVM,3407,FIVES,S000226,FIVES,AMD_WET,AMD_WET,1,0.02338672930900736,0.9753131434207069,0.0013001272702859114
RETFOUND_MAE_CFP_FROZEN_PCA128_SVM,3407,FIVES,S000227,FIVES,AMD_WET,AMD_WET,1,6.4544280881158705e-06,0.9989898170980854,0.0010037284738263705
RETFOUND_MAE_CFP_FROZEN_PCA128_SVM,3407,FIVES,S000228,FIVES,AMD_WET,AMD_WET,1,0.002477189697004217,0.9958646549868141,0.0016581553161817255
RETFOUND_MAE_CFP_FROZEN_PCA128_SVM,3407,FIVES,S000229,FIVES,AMD_WET,AMD_WET,1,0.009104288694999541,0.9875447506077548,0.0033509606972456914
RETFOUND_MAE_CFP_FROZEN_PCA128_SVM,3407,FIVES,S000230,FIVES,AMD_WET,AMD_WET,1,0.0019959664409101756,0.9974720310456424,0.0005320025134473803
RETFOUND_MAE_CFP_FROZEN_PCA128_SVM,3407,FIVES,S000231,FIVES,AMD_WET,AMD_DRY,0,0.6779453512228666,0.3162599340884571,0.005794714688676421
RETFOUND_MAE_CFP_FROZEN_PCA128_SVM,3407,FIVES,S000232,FIVES,AMD_WET,AMD_WET,1,0.24615361133401145,0.7479100924346398,0.005936296231348597
RETFOUND_MAE_CFP_FROZEN_PCA128_SVM,3407,FIVES,S000233,FIVES,AMD_WET,NORMAL,0,0.2665108560188505,0.33310664482756236,0.4003824991535871
RETFOUND_MAE_CFP_FROZEN_PCA128_SVM,3407,FIVES,S000234,FIVES,AMD_WET,AMD_WET,1,0.028967186383250902,0.9562099337620263,0.014822879854722752
RETFOUND_MAE_CFP_FROZEN_PCA128_SVM,3407,FIVES,S000235,FIVES,AMD_WET,AMD_WET,1,0.003264513777680601,0.9957022326372982,0.0010332535850210243
RETFOUND_MAE_CFP_FROZEN_PCA128_SVM,3407,FIVES,S000236,FIVES,AMD_WET,AMD_WET,1,0.15776438950267893,0.8296222698357737,0.012613340661547363
RETFOUND_MAE_CFP_FROZEN_PCA128_SVM,3407,FIVES,S000238,FIVES,AMD_WET,AMD_WET,1,0.2312413711069271,0.6625842841292519,0.10617434476382101
RETFOUND_MAE_CFP_FROZEN_PCA128_SVM,3407,ODIR,S000239,ODIR,NORMAL,AMD_DRY,0,0.6143625130909554,0.06601405378361398,0.31962343312543084
RETFOUND_MAE_CFP_FROZEN_PCA128_SVM,3407,ODIR,S000240,ODIR,NORMAL,NORMAL,1,0.27669743599930346,0.2414065545067366,0.48189600949396
RETFOUND_MAE_CFP_FROZEN_PCA128_SVM,3407,ODIR,S000241,ODIR,NORMAL,AMD_DRY,0,0.41183740381455686,0.2560054759164563,0.33215712026898675
RETFOUND_MAE_CFP_FROZEN_PCA128_SVM,3407,ODIR,S000242,ODIR,NORMAL,NORMAL,1,0.17557512735238243,0.10934602699591243,0.7150788456517053
RETFOUND_MAE_CFP_FROZEN_PCA128_SVM,3407,ODIR,S000243,ODIR,NORMAL,AMD_DRY,0,0.9542584194949008,0.021680857895338284,0.024060722609761033
RETFOUND_MAE_CFP_FROZEN_PCA128_SVM,3407,ODIR,S000244,ODIR,NORMAL,NORMAL,1,0.04207379808077504,0.058010393027112764,0.8999158088921122
RETFOUND_MAE_CFP_FROZEN_PCA128_SVM,3407,ODIR,S000245,ODIR,NORMAL,NORMAL,1,0.2325414766153982,0.06989594270124275,0.6975625806833587
RETFOUND_MAE_CFP_FROZEN_PCA128_SVM,3407,ODIR,S000246,ODIR,NORMAL,NORMAL,1,0.021649867473659996,0.026999474623631035,0.9513506579027089
RETFOUND_MAE_CFP_FROZEN_PCA128_SVM,3407,ODIR,S000247,ODIR,NORMAL,NORMAL,1,0.03306529755036335,0.11290786785710535,0.8540268345925311
RETFOUND_MAE_CFP_FROZEN_PCA128_SVM,3407,ODIR,S000248,ODIR,NORMAL,NORMAL,1,0.17478076030618067,0.1461286896116895,0.67909055008213
RETFOUND_MAE_CFP_FROZEN_PCA128_SVM,3407,ODIR,S000249,ODIR,NORMAL,NORMAL,1,0.09343160419215366,0.04930698421854132,0.8572614115893049
RETFOUND_MAE_CFP_FROZEN_PCA128_SVM,3407,ODIR,S000250,ODIR,NORMAL,AMD_DRY,0,0.9488602385511509,0.026682436944096295,0.02445732450475283
RETFOUND_MAE_CFP_FROZEN_PCA128_SVM,3407,ODIR,S000251,ODIR,NORMAL,AMD_DRY,0,0.8302560634916785,0.08644628906274246,0.08329764744557919
RETFOUND_MAE_CFP_FROZEN_PCA128_SVM,3407,ODIR,S000252,ODIR,NORMAL,NORMAL,1,0.21439940896860327,0.20395635563457054,0.5816442353968259
RETFOUND_MAE_CFP_FROZEN_PCA128_SVM,3407,ODIR,S000253,ODIR,NORMAL,NORMAL,1,0.09762084249521144,0.09746711277837365,0.8049120447264149
RETFOUND_MAE_CFP_FROZEN_PCA128_SVM,3407,ODIR,S000254,ODIR,NORMAL,NORMAL,1,0.14053469605716148,0.14654815983481284,0.7129171441080256
RETFOUND_MAE_CFP_FROZEN_PCA128_SVM,3407,ODIR,S000255,ODIR,NORMAL,NORMAL,1,0.38802400909856055,0.1652160420866794,0.44675994881476
RETFOUND_MAE_CFP_FROZEN_PCA128_SVM,3407,ODIR,S000256,ODIR,NORMAL,NORMAL,1,0.27689395562796704,0.10596124484628017,0.6171447995257529
RETFOUND_MAE_CFP_FROZEN_PCA128_SVM,3407,ODIR,S000257,ODIR,NORMAL,NORMAL,1,0.048181216966405704,0.029751444891355335,0.9220673381422391
RETFOUND_MAE_CFP_FROZEN_PCA128_SVM,3407,ODIR,S000258,ODIR,NORMAL,NORMAL,1,0.2358474097072401,0.30835486160524056,0.4557977286875194
RETFOUND_MAE_CFP_FROZEN_PCA128_SVM,3407,ODIR,S000259,ODIR,NORMAL,NORMAL,1,0.18093678818410094,0.16329107072598636,0.6557721410899126
RETFOUND_MAE_CFP_FROZEN_PCA128_SVM,3407,ODIR,S000260,ODIR,NORMAL,NORMAL,1,0.18471115836711277,0.19501245790900162,0.6202763837238857
RETFOUND_MAE_CFP_FROZEN_PCA128_SVM,3407,ODIR,S000261,ODIR,NORMAL,AMD_DRY,0,0.5644386325543714,0.05555130635961209,0.3800100610860165
RETFOUND_MAE_CFP_FROZEN_PCA128_SVM,3407,ODIR,S000262,ODIR,NORMAL,NORMAL,1,0.06102826140034949,0.02695959670642432,0.9120121418932262
RETFOUND_MAE_CFP_FROZEN_PCA128_SVM,3407,ODIR,S000263,ODIR,NORMAL,NORMAL,1,0.05966677512820739,0.0310086195701725,0.9093246053016202
RETFOUND_MAE_CFP_FROZEN_PCA128_SVM,3407,ODIR,S000264,ODIR,NORMAL,NORMAL,1,0.025186848506637164,0.021165062938140376,0.9536480885552224
RETFOUND_MAE_CFP_FROZEN_PCA128_SVM,3407,ODIR,S000265,ODIR,NORMAL,AMD_DRY,0,0.5126876059921195,0.18345098401015048,0.30386140999773004
RETFOUND_MAE_CFP_FROZEN_PCA128_SVM,3407,ODIR,S000266,ODIR,NORMAL,AMD_DRY,0,0.6339216724919173,0.0895010975006903,0.2765772300073922
RETFOUND_MAE_CFP_FROZEN_PCA128_SVM,3407,ODIR,S000267,ODIR,NORMAL,AMD_DRY,0,0.525008564274959,0.22000811738395598,0.25498331834108534
RETFOUND_MAE_CFP_FROZEN_PCA128_SVM,3407,ODIR,S000268,ODIR,NORMAL,AMD_DRY,0,0.7694521462230828,0.14748017526789187,0.08306767850902544
RETFOUND_MAE_CFP_FROZEN_PCA128_SVM,3407,ODIR,S000269,ODIR,NORMAL,NORMAL,1,0.3397035678498143,0.01141438621435612,0.6488820459358293
RETFOUND_MAE_CFP_FROZEN_PCA128_SVM,3407,ODIR,S000270,ODIR,NORMAL,NORMAL,1,0.37522600800003336,0.12953234364480828,0.4952416483551584
RETFOUND_MAE_CFP_FROZEN_PCA128_SVM,3407,ODIR,S000271,ODIR,NORMAL,NORMAL,1,0.19611700322518322,0.10608208915460259,0.6978009076202141
RETFOUND_MAE_CFP_FROZEN_PCA128_SVM,3407,ODIR,S000272,ODIR,NORMAL,AMD_DRY,0,0.5898502156491936,0.10917153049294777,0.30097825385785876
RETFOUND_MAE_CFP_FROZEN_PCA128_SVM,3407,ODIR,S000273,ODIR,NORMAL,NORMAL,1,0.08463684251522095,0.017362432860970372,0.8980007246238088
RETFOUND_MAE_CFP_FROZEN_PCA128_SVM,3407,ODIR,S000274,ODIR,NORMAL,NORMAL,1,0.2016325541075097,0.1815713875698319,0.6167960583226585
RETFOUND_MAE_CFP_FROZEN_PCA128_SVM,3407,ODIR,S000275,ODIR,NORMAL,NORMAL,1,0.032165089071675305,0.11106141604059064,0.8567734948877339
RETFOUND_MAE_CFP_FROZEN_PCA128_SVM,3407,ODIR,S000276,ODIR,NORMAL,NORMAL,1,0.14945620864095674,0.08741320463559918,0.7631305867234441
RETFOUND_MAE_CFP_FROZEN_PCA128_SVM,3407,ODIR,S000277,ODIR,NORMAL,NORMAL,1,0.20045511151906018,0.04498513536966473,0.7545597531112753
RETFOUND_MAE_CFP_FROZEN_PCA128_SVM,3407,ODIR,S000278,ODIR,NORMAL,NORMAL,1,0.17130177019164153,0.11674828604691838,0.7119499437614402
RETFOUND_MAE_CFP_FROZEN_PCA128_SVM,3407,ODIR,S000279,ODIR,NORMAL,NORMAL,1,0.23929574713977442,0.2935089382682085,0.46719531459201724
RETFOUND_MAE_CFP_FROZEN_PCA128_SVM,3407,ODIR,S000280,ODIR,NORMAL,NORMAL,1,0.04854413604822342,0.07186403510274417,0.8795918288490322
RETFOUND_MAE_CFP_FROZEN_PCA128_SVM,3407,ODIR,S000281,ODIR,NORMAL,NORMAL,1,0.23206434714921745,0.13421421981336104,0.6337214330374213
RETFOUND_MAE_CFP_FROZEN_PCA128_SVM,3407,ODIR,S000282,ODIR,NORMAL,NORMAL,1,0.1279607623705245,0.0512164452910555,0.8208227923384198
RETFOUND_MAE_CFP_FROZEN_PCA128_SVM,3407,ODIR,S000283,ODIR,NORMAL,NORMAL,1,0.20460079913026044,0.27527420832798666,0.5201249925417524
RETFOUND_MAE_CFP_FROZEN_PCA128_SVM,3407,ODIR,S000284,ODIR,NORMAL,NORMAL,1,0.3560240516326496,0.19050793993191187,0.45346800843543855
RETFOUND_MAE_CFP_FROZEN_PCA128_SVM,3407,ODIR,S000285,ODIR,NORMAL,NORMAL,1,0.2105184467440759,0.2254617190590053,0.5640198341969187
RETFOUND_MAE_CFP_FROZEN_PCA128_SVM,3407,ODIR,S000286,ODIR,NORMAL,NORMAL,1,0.10249873410226701,0.05840964913902537,0.8390916167587076
RETFOUND_MAE_CFP_FROZEN_PCA128_SVM,3407,ODIR,S000287,ODIR,NORMAL,NORMAL,1,0.32390570747640035,0.1804717153650819,0.49562257715851754
RETFOUND_MAE_CFP_FROZEN_PCA128_SVM,3407,ODIR,S000288,ODIR,NORMAL,NORMAL,1,0.14534370851367062,0.3759490073420664,0.478707284144263
RETFOUND_MAE_CFP_FROZEN_PCA128_SVM,3407,ODIR,S000289,ODIR,NORMAL,AMD_DRY,0,0.48183298346423475,0.2536088962929085,0.26455812024285685
RETFOUND_MAE_CFP_FROZEN_PCA128_SVM,3407,ODIR,S000290,ODIR,NORMAL,NORMAL,1,0.30613630539216685,0.1972321594063848,0.4966315352014481
RETFOUND_MAE_CFP_FROZEN_PCA128_SVM,3407,ODIR,S000291,ODIR,NORMAL,NORMAL,1,0.18407672264014224,0.2996746940978024,0.5162485832620554
RETFOUND_MAE_CFP_FROZEN_PCA128_SVM,3407,ODIR,S000292,ODIR,NORMAL,NORMAL,1,0.2566976913481494,0.1836131347519197,0.559689173899931
RETFOUND_MAE_CFP_FROZEN_PCA128_SVM,3407,ODIR,S000293,ODIR,NORMAL,NORMAL,1,0.08457627708130715,0.17734340118998526,0.7380803217287073
RETFOUND_MAE_CFP_FROZEN_PCA128_SVM,3407,ODIR,S000294,ODIR,NORMAL,NORMAL,1,0.053243455493372296,0.0641468985646074,0.8826096459420205
RETFOUND_MAE_CFP_FROZEN_PCA128_SVM,3407,ODIR,S000295,ODIR,NORMAL,AMD_DRY,0,0.6815063135432045,0.18253659441065703,0.13595709204613846
RETFOUND_MAE_CFP_FROZEN_PCA128_SVM,3407,ODIR,S000296,ODIR,NORMAL,AMD_WET,0,0.18317138149839862,0.5189207717889839,0.2979078467126175
RETFOUND_MAE_CFP_FROZEN_PCA128_SVM,3407,ODIR,S000297,ODIR,NORMAL,NORMAL,1,0.3763848269678656,0.05237747500747714,0.5712376980246573
RETFOUND_MAE_CFP_FROZEN_PCA128_SVM,3407,ODIR,S000298,ODIR,NORMAL,NORMAL,1,0.40117228305157976,0.1763355623472179,0.42249215460120226
RETFOUND_MAE_CFP_FROZEN_PCA128_SVM,3407,ODIR,S000299,ODIR,NORMAL,NORMAL,1,0.06943219794581061,0.10849650291426327,0.822071299139926
RETFOUND_MAE_CFP_FROZEN_PCA128_SVM,3407,ODIR,S000300,ODIR,NORMAL,AMD_WET,0,0.15855306262191052,0.5673146062592073,0.27413233111888213
RETFOUND_MAE_CFP_FROZEN_PCA128_SVM,3407,ODIR,S000301,ODIR,NORMAL,NORMAL,1,0.08118510712899603,0.04441450431842507,0.8744003885525792
RETFOUND_MAE_CFP_FROZEN_PCA128_SVM,3407,ODIR,S000302,ODIR,NORMAL,NORMAL,1,0.14774730258250662,0.0871239826253467,0.7651287147921466
RETFOUND_MAE_CFP_FROZEN_PCA128_SVM,3407,ODIR,S000303,ODIR,NORMAL,AMD_DRY,0,0.631833283741857,0.07507603588100323,0.29309068037713953
RETFOUND_MAE_CFP_FROZEN_PCA128_SVM,3407,ODIR,S000304,ODIR,NORMAL,AMD_DRY,0,0.46271146848306394,0.39752530710574,0.13976322441119599
RETFOUND_MAE_CFP_FROZEN_PCA128_SVM,3407,ODIR,S000305,ODIR,NORMAL,NORMAL,1,0.17687045865676654,0.051351624276597535,0.7717779170666357
RETFOUND_MAE_CFP_FROZEN_PCA128_SVM,3407,ODIR,S000306,ODIR,NORMAL,NORMAL,1,0.17937309598947315,0.127759839597719,0.6928670644128081
RETFOUND_MAE_CFP_FROZEN_PCA128_SVM,3407,ODIR,S000307,ODIR,NORMAL,NORMAL,1,0.18678464136503897,0.1127769260334504,0.7004384326015105
RETFOUND_MAE_CFP_FROZEN_PCA128_SVM,3407,ODIR,S000308,ODIR,NORMAL,NORMAL,1,0.1830884928335804,0.16936076250922524,0.6475507446571943
RETFOUND_MAE_CFP_FROZEN_PCA128_SVM,3407,ODIR,S000309,ODIR,NORMAL,NORMAL,1,0.19129401751202768,0.10325829966599355,0.7054476828219788
RETFOUND_MAE_CFP_FROZEN_PCA128_SVM,3407,ODIR,S000310,ODIR,NORMAL,NORMAL,1,0.0169071295169388,0.04950841464114673,0.9335844558419146
RETFOUND_MAE_CFP_FROZEN_PCA128_SVM,3407,ODIR,S000311,ODIR,NORMAL,NORMAL,1,0.20512964966397226,0.16849502977777753,0.6263753205582501
RETFOUND_MAE_CFP_FROZEN_PCA128_SVM,3407,ODIR,S000312,ODIR,NORMAL,NORMAL,1,0.14916327064451318,0.377332522284844,0.47350420707064267
RETFOUND_MAE_CFP_FROZEN_PCA128_SVM,3407,ODIR,S000313,ODIR,NORMAL,AMD_WET,0,0.2398071484925377,0.3870190689499306,0.37317378255753125
RETFOUND_MAE_CFP_FROZEN_PCA128_SVM,3407,ODIR,S000314,ODIR,NORMAL,NORMAL,1,0.2085470626078733,0.3630455764716009,0.42840736092052567
RETFOUND_MAE_CFP_FROZEN_PCA128_SVM,3407,ODIR,S000315,ODIR,NORMAL,AMD_DRY,0,0.8888899888383286,0.05204561268945317,0.05906439847221844
RETFOUND_MAE_CFP_FROZEN_PCA128_SVM,3407,ODIR,S000316,ODIR,NORMAL,NORMAL,1,0.17230195454059388,0.1860562909309639,0.6416417545284422
RETFOUND_MAE_CFP_FROZEN_PCA128_SVM,3407,ODIR,S000317,ODIR,NORMAL,NORMAL,1,0.07990453987038595,0.035104552454048914,0.8849909076755653
RETFOUND_MAE_CFP_FROZEN_PCA128_SVM,3407,ODIR,S000318,ODIR,NORMAL,NORMAL,1,0.33562329632390897,0.06444452663445693,0.5999321770416339
RETFOUND_MAE_CFP_FROZEN_PCA128_SVM,3407,ODIR,S000319,ODIR,NORMAL,NORMAL,1,0.31216456118223157,0.091076735440536,0.5967587033772324
RETFOUND_MAE_CFP_FROZEN_PCA128_SVM,3407,ODIR,S000320,ODIR,NORMAL,NORMAL,1,0.14536666429063116,0.11598780274902126,0.7386455329603477
RETFOUND_MAE_CFP_FROZEN_PCA128_SVM,3407,ODIR,S000321,ODIR,NORMAL,AMD_WET,0,0.19056725248786777,0.40772913623238954,0.4017036112797425
RETFOUND_MAE_CFP_FROZEN_PCA128_SVM,3407,ODIR,S000322,ODIR,NORMAL,AMD_WET,0,0.15768735387811914,0.5116695509465753,0.33064309517530543
RETFOUND_MAE_CFP_FROZEN_PCA128_SVM,3407,ODIR,S000323,ODIR,NORMAL,AMD_WET,0,0.16257365209559577,0.56373930237695,0.27368704552745415
RETFOUND_MAE_CFP_FROZEN_PCA128_SVM,3407,ODIR,S000324,ODIR,NORMAL,AMD_WET,0,0.187266297618428,0.6411858493811344,0.1715478530004375
RETFOUND_MAE_CFP_FROZEN_PCA128_SVM,3407,ODIR,S000325,ODIR,NORMAL,NORMAL,1,0.044800307203353505,0.014387950199794552,0.9408117425968521
RETFOUND_MAE_CFP_FROZEN_PCA128_SVM,3407,ODIR,S000326,ODIR,NORMAL,NORMAL,1,0.10436473825043532,0.02421713570961143,0.8714181260399533
RETFOUND_MAE_CFP_FROZEN_PCA128_SVM,3407,ODIR,S000327,ODIR,NORMAL,NORMAL,1,0.0974387500756528,0.10949044465282143,0.7930708052715257
RETFOUND_MAE_CFP_FROZEN_PCA128_SVM,3407,ODIR,S000328,ODIR,NORMAL,NORMAL,1,0.05392718114160855,0.059244796818471966,0.8868280220399196
RETFOUND_MAE_CFP_FROZEN_PCA128_SVM,3407,ODIR,S000329,ODIR,NORMAL,AMD_DRY,0,0.5850437252013667,0.25849023373821833,0.15646604106041534
RETFOUND_MAE_CFP_FROZEN_PCA128_SVM,3407,ODIR,S000330,ODIR,NORMAL,AMD_DRY,0,0.7226270661820221,0.16172827315742386,0.11564466066055384
RETFOUND_MAE_CFP_FROZEN_PCA128_SVM,3407,ODIR,S000331,ODIR,NORMAL,AMD_DRY,0,0.6335329068682902,0.19216046242846851,0.1743066307032413
RETFOUND_MAE_CFP_FROZEN_PCA128_SVM,3407,ODIR,S000332,ODIR,NORMAL,AMD_DRY,0,0.4344637540690434,0.24016900102418734,0.3253672449067689
RETFOUND_MAE_CFP_FROZEN_PCA128_SVM,3407,ODIR,S000333,ODIR,NORMAL,NORMAL,1,0.25546590875461306,0.02940493100615761,0.7151291602392292
RETFOUND_MAE_CFP_FROZEN_PCA128_SVM,3407,ODIR,S000334,ODIR,NORMAL,NORMAL,1,0.10491497260434367,0.03406425889364695,0.8610207685020095
RETFOUND_MAE_CFP_FROZEN_PCA128_SVM,3407,ODIR,S000335,ODIR,NORMAL,AMD_DRY,0,0.4595443540385642,0.2721117232516155,0.2683439227098204
RETFOUND_MAE_CFP_FROZEN_PCA128_SVM,3407,ODIR,S000336,ODIR,NORMAL,NORMAL,1,0.2866598285703403,0.33125769509311476,0.382082476336545
RETFOUND_MAE_CFP_FROZEN_PCA128_SVM,3407,ODIR,S000337,ODIR,NORMAL,AMD_WET,0,0.3415491362091664,0.480330163270676,0.17812070052015738
RETFOUND_MAE_CFP_FROZEN_PCA128_SVM,3407,ODIR,S000338,ODIR,NORMAL,AMD_WET,0,0.3176535335248115,0.5598195613671323,0.12252690510805617
RETFOUND_MAE_CFP_FROZEN_PCA128_SVM,3407,ODIR,S000339,ODIR,NORMAL,NORMAL,1,0.02402727305762248,0.03155422881834438,0.9444184981240333
RETFOUND_MAE_CFP_FROZEN_PCA128_SVM,3407,ODIR,S000340,ODIR,NORMAL,NORMAL,1,0.0616225095261734,0.07565312232789442,0.8627243681459322
RETFOUND_MAE_CFP_FROZEN_PCA128_SVM,3407,ODIR,S000341,ODIR,NORMAL,NORMAL,1,0.1882559762451887,0.21808771789738557,0.5936563058574258
RETFOUND_MAE_CFP_FROZEN_PCA128_SVM,3407,ODIR,S000342,ODIR,NORMAL,NORMAL,1,0.1067577579800731,0.23981587108563215,0.6534263709342945
RETFOUND_MAE_CFP_FROZEN_PCA128_SVM,3407,ODIR,S000343,ODIR,NORMAL,NORMAL,1,0.02449102327649102,0.009956030046763585,0.9655529466767453
RETFOUND_MAE_CFP_FROZEN_PCA128_SVM,3407,ODIR,S000344,ODIR,NORMAL,NORMAL,1,0.031095216408468834,0.020246213774926417,0.9486585698166048
RETFOUND_MAE_CFP_FROZEN_PCA128_SVM,3407,ODIR,S000345,ODIR,NORMAL,NORMAL,1,0.12417024188830662,0.04831370133490652,0.8275160567767869
RETFOUND_MAE_CFP_FROZEN_PCA128_SVM,3407,ODIR,S000346,ODIR,NORMAL,NORMAL,1,0.08695234351128021,0.09672233701020212,0.8163253194785175
RETFOUND_MAE_CFP_FROZEN_PCA128_SVM,3407,ODIR,S000347,ODIR,NORMAL,NORMAL,1,0.12855065610753844,0.17321481926150462,0.698234524630957
RETFOUND_MAE_CFP_FROZEN_PCA128_SVM,3407,ODIR,S000348,ODIR,NORMAL,AMD_DRY,0,0.8770405227437413,0.05550836383501741,0.06745111342124128
RETFOUND_MAE_CFP_FROZEN_PCA128_SVM,3407,ODIR,S000349,ODIR,NORMAL,AMD_DRY,0,0.6137175690308727,0.18221859453730552,0.2040638364318218
RETFOUND_MAE_CFP_FROZEN_PCA128_SVM,3407,ODIR,S000350,ODIR,NORMAL,NORMAL,1,0.10079086260917035,0.10511444663375029,0.7940946907570792
RETFOUND_MAE_CFP_FROZEN_PCA128_SVM,3407,ODIR,S000351,ODIR,NORMAL,NORMAL,1,0.345051858227811,0.10441100633087368,0.5505371354413154
RETFOUND_MAE_CFP_FROZEN_PCA128_SVM,3407,ODIR,S000352,ODIR,NORMAL,AMD_WET,0,0.17812409225284986,0.6458461672001637,0.17602974054698622
RETFOUND_MAE_CFP_FROZEN_PCA128_SVM,3407,ODIR,S000353,ODIR,NORMAL,AMD_WET,0,0.39678858734879097,0.42720415184999505,0.1760072608012138
RETFOUND_MAE_CFP_FROZEN_PCA128_SVM,3407,ODIR,S000354,ODIR,NORMAL,NORMAL,1,0.09795375282842164,0.05532618915950698,0.8467200580120714
RETFOUND_MAE_CFP_FROZEN_PCA128_SVM,3407,ODIR,S000355,ODIR,NORMAL,NORMAL,1,0.06209918834598751,0.11959174071603129,0.8183090709379812
RETFOUND_MAE_CFP_FROZEN_PCA128_SVM,3407,ODIR,S000356,ODIR,NORMAL,NORMAL,1,0.3238530279595039,0.07011175825337246,0.6060352137871237
RETFOUND_MAE_CFP_FROZEN_PCA128_SVM,3407,ODIR,S000357,ODIR,NORMAL,NORMAL,1,0.35456338159423334,0.11652153268175933,0.5289150857240074
RETFOUND_MAE_CFP_FROZEN_PCA128_SVM,3407,ODIR,S000358,ODIR,NORMAL,NORMAL,1,0.3792220715595137,0.06337211439938839,0.557405814041098
RETFOUND_MAE_CFP_FROZEN_PCA128_SVM,3407,ODIR,S000359,ODIR,NORMAL,NORMAL,1,0.25233062033796955,0.08431893991690476,0.6633504397451256
RETFOUND_MAE_CFP_FROZEN_PCA128_SVM,3407,ODIR,S000360,ODIR,NORMAL,NORMAL,1,0.03839515628288544,0.035805312162721974,0.9257995315543928
RETFOUND_MAE_CFP_FROZEN_PCA128_SVM,3407,ODIR,S000361,ODIR,NORMAL,NORMAL,1,0.08869446675598837,0.06890379712059881,0.842401736123413
RETFOUND_MAE_CFP_FROZEN_PCA128_SVM,3407,ODIR,S000362,ODIR,NORMAL,AMD_DRY,0,0.4588053515547556,0.14041233850609552,0.4007823099391489
RETFOUND_MAE_CFP_FROZEN_PCA128_SVM,3407,ODIR,S000363,ODIR,NORMAL,NORMAL,1,0.09530176586901834,0.2516428572531551,0.6530553768778266
RETFOUND_MAE_CFP_FROZEN_PCA128_SVM,3407,ODIR,S000364,ODIR,AMD_DRY,AMD_WET,0,0.32644638228244083,0.6693595843810418,0.004194033336517309
RETFOUND_MAE_CFP_FROZEN_PCA128_SVM,3407,ODIR,S000365,ODIR,AMD_DRY,AMD_WET,0,0.4400076462978555,0.5566415716759662,0.0033507820261780537
RETFOUND_MAE_CFP_FROZEN_PCA128_SVM,3407,ODIR,S000366,ODIR,AMD_DRY,AMD_WET,0,0.1385335167180544,0.47343165577722546,0.3880348275047202
RETFOUND_MAE_CFP_FROZEN_PCA128_SVM,3407,ODIR,S000367,ODIR,AMD_DRY,AMD_WET,0,0.1546121498005185,0.8325411027581717,0.012846747441309704
RETFOUND_MAE_CFP_FROZEN_PCA128_SVM,3407,ODIR,S000368,ODIR,AMD_DRY,AMD_DRY,1,0.6846572265737649,0.07915937986037298,0.23618339356586196
RETFOUND_MAE_CFP_FROZEN_PCA128_SVM,3407,ODIR,S000369,ODIR,AMD_DRY,AMD_WET,0,0.22259161650048304,0.688128520978895,0.08927986252062209
RETFOUND_MAE_CFP_FROZEN_PCA128_SVM,3407,ODIR,S000370,ODIR,AMD_DRY,AMD_WET,0,0.12442576886224024,0.7274607741006024,0.148113457037157
RETFOUND_MAE_CFP_FROZEN_PCA128_SVM,3407,ODIR,S000371,ODIR,AMD_DRY,AMD_DRY,1,0.7607786300075382,0.1673764115575822,0.07184495843487987
RETFOUND_MAE_CFP_FROZEN_PCA128_SVM,3407,ODIR,S000372,ODIR,AMD_DRY,AMD_DRY,1,0.7826472444440742,0.10789932103608038,0.10945343451984543
RETFOUND_MAE_CFP_FROZEN_PCA128_SVM,3407,ODIR,S000373,ODIR,AMD_DRY,AMD_WET,0,0.06510449302758894,0.8835970855585435,0.05129842141386738
RETFOUND_MAE_CFP_FROZEN_PCA128_SVM,3407,ODIR,S000374,ODIR,AMD_DRY,AMD_WET,0,0.24297551005774765,0.7269672524490886,0.03005723749316372
RETFOUND_MAE_CFP_FROZEN_PCA128_SVM,3407,ODIR,S000375,ODIR,AMD_DRY,AMD_DRY,1,0.8669651148143365,0.1132098456576341,0.019825039528029522
RETFOUND_MAE_CFP_FROZEN_PCA128_SVM,3407,ODIR,S000376,ODIR,AMD_DRY,AMD_DRY,1,0.8989436934192211,0.053092347510892375,0.04796395906988687
RETFOUND_MAE_CFP_FROZEN_PCA128_SVM,3407,ODIR,S000377,ODIR,AMD_DRY,AMD_WET,0,0.2756863399135996,0.6693016121622566,0.05501204792414405
RETFOUND_MAE_CFP_FROZEN_PCA128_SVM,3407,ODIR,S000378,ODIR,AMD_DRY,AMD_WET,0,0.137639345695004,0.7009628439180953,0.1613978103869005
RETFOUND_MAE_CFP_FROZEN_PCA128_SVM,3407,ODIR,S000379,ODIR,AMD_DRY,AMD_WET,0,0.010232640039687324,0.9804181860223864,0.009349173937926263
RETFOUND_MAE_CFP_FROZEN_PCA128_SVM,3407,ODIR,S000380,ODIR,AMD_DRY,AMD_WET,0,0.4971013028807294,0.5006674294441811,0.0022312676750897904
RETFOUND_MAE_CFP_FROZEN_PCA128_SVM,3407,ODIR,S000381,ODIR,AMD_DRY,AMD_DRY,1,0.9648804799387932,0.03341175958569003,0.0017077604755167005
RETFOUND_MAE_CFP_FROZEN_PCA128_SVM,3407,ODIR,S000382,ODIR,AMD_DRY,AMD_WET,0,0.09292320404062351,0.8946514896082977,0.012425306351078667
RETFOUND_MAE_CFP_FROZEN_PCA128_SVM,3407,ODIR,S000383,ODIR,AMD_DRY,AMD_WET,0,0.1900200156792714,0.653449021108873,0.1565309632118555
RETFOUND_MAE_CFP_FROZEN_PCA128_SVM,3407,ODIR,S000384,ODIR,AMD_DRY,AMD_WET,0,0.24030749922880437,0.4798054881504642,0.27988701262073157
RETFOUND_MAE_CFP_FROZEN_PCA128_SVM,3407,ODIR,S000385,ODIR,AMD_DRY,AMD_DRY,1,0.9314000365442473,0.0619779257748198,0.006622037680933099
RETFOUND_MAE_CFP_FROZEN_PCA128_SVM,3407,ODIR,S000386,ODIR,AMD_DRY,AMD_WET,0,0.4349101835073575,0.5485745328994389,0.016515283593203634
RETFOUND_MAE_CFP_FROZEN_PCA128_SVM,3407,ODIR,S000387,ODIR,AMD_DRY,AMD_WET,0,0.18403665642993208,0.7981638465066649,0.017799497063403145
RETFOUND_MAE_CFP_FROZEN_PCA128_SVM,3407,ODIR,S000388,ODIR,AMD_DRY,AMD_WET,0,0.1182531059175708,0.8580004781604961,0.02374641592193325
RETFOUND_MAE_CFP_FROZEN_PCA128_SVM,3407,ODIR,S000389,ODIR,AMD_DRY,AMD_DRY,1,0.8247315581665823,0.08379036095596437,0.09147808087745338
RETFOUND_MAE_CFP_FROZEN_PCA128_SVM,3407,ODIR,S000390,ODIR,AMD_DRY,AMD_WET,0,0.2831137575605696,0.681929427843683,0.03495681459574742
RETFOUND_MAE_CFP_FROZEN_PCA128_SVM,3407,ODIR,S000391,ODIR,AMD_DRY,AMD_WET,0,0.29283027350992613,0.5911303092851583,0.11603941720491569
RETFOUND_MAE_CFP_FROZEN_PCA128_SVM,3407,ODIR,S000392,ODIR,AMD_DRY,AMD_DRY,1,0.8465812725250139,0.1479253718753008,0.005493355599685328
RETFOUND_MAE_CFP_FROZEN_PCA128_SVM,3407,ODIR,S000393,ODIR,AMD_DRY,AMD_WET,0,0.28589537213680455,0.6974829332613214,0.016621694601873807
RETFOUND_MAE_CFP_FROZEN_PCA128_SVM,3407,ODIR,S000394,ODIR,AMD_DRY,AMD_WET,0,0.46347565288149783,0.5244569760536915,0.01206737106481102
RETFOUND_MAE_CFP_FROZEN_PCA128_SVM,3407,ODIR,S000395,ODIR,AMD_DRY,AMD_WET,0,0.12850967610401076,0.8470736879856176,0.024416635910371787
RETFOUND_MAE_CFP_FROZEN_PCA128_SVM,3407,ODIR,S000396,ODIR,AMD_DRY,AMD_DRY,1,0.6024153200749988,0.380976626553433,0.016608053371568256
RETFOUND_MAE_CFP_FROZEN_PCA128_SVM,3407,ODIR,S000397,ODIR,AMD_DRY,AMD_DRY,1,0.54126792810175,0.4467356723594983,0.01199639953875173
RETFOUND_MAE_CFP_FROZEN_PCA128_SVM,3407,ODIR,S000398,ODIR,AMD_DRY,AMD_DRY,1,0.966234597066705,0.027282261059573022,0.006483141873721986
RETFOUND_MAE_CFP_FROZEN_PCA128_SVM,3407,ODIR,S000399,ODIR,AMD_DRY,AMD_WET,0,0.0036123154890640996,0.9960369228078758,0.0003507617030598124
RETFOUND_MAE_CFP_FROZEN_PCA128_SVM,3407,ODIR,S000400,ODIR,AMD_DRY,AMD_WET,0,0.006599487519055691,0.9915017907752571,0.0018987217056874155
RETFOUND_MAE_CFP_FROZEN_PCA128_SVM,3407,ODIR,S000401,ODIR,AMD_DRY,AMD_DRY,1,0.9218348801825013,0.06254717282584227,0.01561794699165662
RETFOUND_MAE_CFP_FROZEN_PCA128_SVM,3407,ODIR,S000402,ODIR,AMD_DRY,AMD_DRY,1,0.8951471573465482,0.08885508782749046,0.015997754825961514
RETFOUND_MAE_CFP_FROZEN_PCA128_SVM,3407,ODIR,S000403,ODIR,AMD_DRY,AMD_DRY,1,0.7259895228877283,0.24237786498970432,0.03163261212256765
RETFOUND_MAE_CFP_FROZEN_PCA128_SVM,3407,ODIR,S000404,ODIR,AMD_DRY,AMD_WET,0,0.2780269128073991,0.6896082024619465,0.032364884730654596
RETFOUND_MAE_CFP_FROZEN_PCA128_SVM,3407,ODIR,S000405,ODIR,AMD_DRY,AMD_DRY,1,0.8688042191139677,0.10412151081291696,0.02707427007311574
RETFOUND_MAE_CFP_FROZEN_PCA128_SVM,3407,ODIR,S000406,ODIR,AMD_DRY,AMD_DRY,1,0.7892116908039652,0.17005765414194263,0.040730655054092124
RETFOUND_MAE_CFP_FROZEN_PCA128_SVM,3407,ODIR,S000407,ODIR,AMD_DRY,AMD_WET,0,0.01649021604048625,0.9807473430150199,0.0027624409444938587
RETFOUND_MAE_CFP_FROZEN_PCA128_SVM,3407,ODIR,S000408,ODIR,AMD_DRY,AMD_WET,0,0.29328898707089324,0.4090437118944309,0.2976673010346758
RETFOUND_MAE_CFP_FROZEN_PCA128_SVM,3407,ODIR,S000409,ODIR,AMD_DRY,AMD_DRY,1,0.7423321934243023,0.23686159831394787,0.020806208261749636
RETFOUND_MAE_CFP_FROZEN_PCA128_SVM,3407,ODIR,S000410,ODIR,AMD_DRY,AMD_DRY,1,0.48701358332435385,0.44771754116154777,0.06526887551409842
RETFOUND_MAE_CFP_FROZEN_PCA128_SVM,3407,ODIR,S000411,ODIR,AMD_DRY,AMD_WET,0,0.057704148198212624,0.9208432180368304,0.021452633764956826
RETFOUND_MAE_CFP_FROZEN_PCA128_SVM,3407,ODIR,S000412,ODIR,AMD_DRY,AMD_DRY,1,0.5080181903045795,0.41576893820853505,0.0762128714868855
RETFOUND_MAE_CFP_FROZEN_PCA128_SVM,3407,ODIR,S000413,ODIR,AMD_DRY,NORMAL,0,0.3131697343796869,0.2823381109510914,0.4044921546692216
RETFOUND_MAE_CFP_FROZEN_PCA128_SVM,3407,ODIR,S000414,ODIR,AMD_DRY,AMD_WET,0,0.13045609369056924,0.8616803063793828,0.007863599930048057
RETFOUND_MAE_CFP_FROZEN_PCA128_SVM,3407,ODIR,S000415,ODIR,AMD_DRY,AMD_WET,0,0.4663526407735833,0.49716127176964003,0.03648608745677687
RETFOUND_MAE_CFP_FROZEN_PCA128_SVM,3407,ODIR,S000416,ODIR,AMD_DRY,AMD_WET,0,0.18666468770968156,0.5418102971858986,0.27152501510441973
RETFOUND_MAE_CFP_FROZEN_PCA128_SVM,3407,ODIR,S000417,ODIR,AMD_DRY,AMD_DRY,1,0.8907961184336397,0.10204650767601972,0.007157373890340488
RETFOUND_MAE_CFP_FROZEN_PCA128_SVM,3407,ODIR,S000418,ODIR,AMD_DRY,AMD_WET,0,0.04994498144495496,0.9472351611692592,0.0028198573857859763
RETFOUND_MAE_CFP_FROZEN_PCA128_SVM,3407,ODIR,S000419,ODIR,AMD_DRY,AMD_DRY,1,0.8273255202803598,0.15367353403917983,0.0190009456804604
RETFOUND_MAE_CFP_FROZEN_PCA128_SVM,3407,ODIR,S000420,ODIR,AMD_DRY,AMD_DRY,1,0.527559584177034,0.38736506655131864,0.08507534927164724
RETFOUND_MAE_CFP_FROZEN_PCA128_SVM,3407,ODIR,S000421,ODIR,AMD_DRY,AMD_WET,0,0.13681146661670757,0.8386317340695983,0.024556799313694082
RETFOUND_MAE_CFP_FROZEN_PCA128_SVM,3407,ODIR,S000422,ODIR,AMD_DRY,AMD_WET,0,0.18738048429432416,0.771021169301716,0.04159834640395999
RETFOUND_MAE_CFP_FROZEN_PCA128_SVM,3407,ODIR,S000423,ODIR,AMD_DRY,AMD_WET,0,0.015493492818514263,0.9790244544126653,0.005482052768820301
RETFOUND_MAE_CFP_FROZEN_PCA128_SVM,3407,ODIR,S000424,ODIR,AMD_DRY,NORMAL,0,0.11662170337612614,0.12559813408401446,0.7577801625398596
RETFOUND_MAE_CFP_FROZEN_PCA128_SVM,3407,ODIR,S000425,ODIR,AMD_DRY,AMD_DRY,1,0.9333043882489759,0.053717197041026815,0.012978414709997355
RETFOUND_MAE_CFP_FROZEN_PCA128_SVM,3407,ODIR,S000426,ODIR,AMD_DRY,AMD_WET,0,0.16355096103648134,0.7206026803802473,0.11584635858327173
RETFOUND_MAE_CFP_FROZEN_PCA128_SVM,3407,ODIR,S000427,ODIR,AMD_DRY,AMD_WET,0,0.10006950965900326,0.8172640579396524,0.08266643240134468
RETFOUND_MAE_CFP_FROZEN_PCA128_SVM,3407,ODIR,S000428,ODIR,AMD_DRY,NORMAL,0,0.37872040528709044,0.06527819847215338,0.556001396240756
RETFOUND_MAE_CFP_FROZEN_PCA128_SVM,3407,ODIR,S000429,ODIR,AMD_DRY,AMD_DRY,1,0.7708080823811984,0.22532151666165293,0.0038704009571486086
RETFOUND_MAE_CFP_FROZEN_PCA128_SVM,3407,ODIR,S000430,ODIR,AMD_DRY,AMD_WET,0,0.18851826573861225,0.8050314207726601,0.0064503134887275914
RETFOUND_MAE_CFP_FROZEN_PCA128_SVM,3407,ODIR,S000431,ODIR,AMD_DRY,AMD_DRY,1,0.9471763229623285,0.0465967993228935,0.0062268777147778875
RETFOUND_MAE_CFP_FROZEN_PCA128_SVM,3407,ODIR,S000432,ODIR,AMD_DRY,AMD_DRY,1,0.8965512385488037,0.06148945409680447,0.04195930735439173
RETFOUND_MAE_CFP_FROZEN_PCA128_SVM,3407,ODIR,S000433,ODIR,AMD_DRY,AMD_DRY,1,0.8600339814417837,0.1277300988243237,0.012235919733892828
RETFOUND_MAE_CFP_FROZEN_PCA128_SVM,3407,ODIR,S000434,ODIR,AMD_DRY,AMD_DRY,1,0.5117166209038496,0.44855402815736956,0.039729350938780855
RETFOUND_MAE_CFP_FROZEN_PCA128_SVM,3407,ODIR,S000435,ODIR,AMD_DRY,AMD_DRY,1,0.5466393054517351,0.42940998645379186,0.02395070809447326
RETFOUND_MAE_CFP_FROZEN_PCA128_SVM,3407,ODIR,S000436,ODIR,AMD_DRY,AMD_WET,0,0.15600483967498985,0.8289167125963233,0.015078447728686896
RETFOUND_MAE_CFP_FROZEN_PCA128_SVM,3407,ODIR,S000437,ODIR,AMD_DRY,AMD_WET,0,0.14689615798734387,0.6935820660144395,0.1595217759982165
RETFOUND_MAE_CFP_FROZEN_PCA128_SVM,3407,ODIR,S000438,ODIR,AMD_DRY,AMD_WET,0,0.08189703469609934,0.8543152917839492,0.06378767351995143
RETFOUND_MAE_CFP_FROZEN_PCA128_SVM,3407,ODIR,S000439,ODIR,AMD_DRY,AMD_WET,0,0.055378608550705984,0.9164814379543796,0.028139953494914553
RETFOUND_MAE_CFP_FROZEN_PCA128_SVM,3407,ODIR,S000440,ODIR,AMD_DRY,NORMAL,0,0.19911264791874964,0.14006934130761384,0.6608180107736364
RETFOUND_MAE_CFP_FROZEN_PCA128_SVM,3407,ODIR,S000441,ODIR,AMD_DRY,AMD_DRY,1,0.6004551001241437,0.3804853397192449,0.019059560156611314
RETFOUND_MAE_CFP_FROZEN_PCA128_SVM,3407,ODIR,S000442,ODIR,AMD_DRY,NORMAL,0,0.3420910319204628,0.2119477518560233,0.445961216223514
RETFOUND_MAE_CFP_FROZEN_PCA128_SVM,3407,ODIR,S000443,ODIR,AMD_DRY,AMD_WET,0,0.31156628367611355,0.6806878002902824,0.007745916033603719
RETFOUND_MAE_CFP_FROZEN_PCA128_SVM,3407,ODIR,S000444,ODIR,AMD_DRY,NORMAL,0,0.3944386074141409,0.19834762367817374,0.4072137689076854
RETFOUND_MAE_CFP_FROZEN_PCA128_SVM,3407,ODIR,S000445,ODIR,AMD_WET,AMD_DRY,0,0.8768296559675718,0.12140896668401592,0.0017613773484124694
RETFOUND_MAE_CFP_FROZEN_PCA128_SVM,3407,ODIR,S000446,ODIR,AMD_WET,AMD_WET,1,0.10985018065003696,0.8723078425092837,0.017841976840678987
RETFOUND_MAE_CFP_FROZEN_PCA128_SVM,3407,ODIR,S000447,ODIR,AMD_WET,AMD_WET,1,0.04393338196221946,0.9537901750779798,0.002276442959800934
RETFOUND_MAE_CFP_FROZEN_PCA128_SVM,3407,ODIR,S000448,ODIR,AMD_WET,AMD_WET,1,1.6648337207060188e-06,0.9994887042147146,0.0005096309515646675
RETFOUND_MAE_CFP_FROZEN_PCA128_SVM,3407,ODIR,S000449,ODIR,AMD_WET,AMD_WET,1,0.08417124687576163,0.9098889707675224,0.005939782356716035
RETFOUND_MAE_CFP_FROZEN_PCA128_SVM,3407,ODIR,S000450,ODIR,AMD_WET,AMD_WET,1,0.003800320853894751,0.9939590441743156,0.002240634971789878
RETFOUND_MAE_CFP_FROZEN_PCA128_SVM,3407,ODIR,S000451,ODIR,AMD_WET,AMD_WET,1,0.024467993958447527,0.9488093606354591,0.0267226454060933
RETFOUND_MAE_CFP_FROZEN_PCA128_SVM,3407,ODIR,S000452,ODIR,AMD_WET,NORMAL,0,0.12492098724397897,0.4037228070313923,0.4713562057246289
RETFOUND_MAE_CFP_FROZEN_PCA128_SVM,3407,ODIR,S000453,ODIR,AMD_WET,AMD_WET,1,0.09201823661740467,0.904403087025915,0.003578676356680339
RETFOUND_MAE_CFP_FROZEN_PCA128_SVM,3407,ODIR,S000454,ODIR,AMD_WET,AMD_WET,1,0.011980380048248642,0.9846945547028233,0.003325065248928033
RETFOUND_MAE_CFP_FROZEN_PCA128_SVM,3407,ODIR,S000455,ODIR,AMD_WET,AMD_WET,1,0.03565591020348369,0.9600948523996394,0.004249237396876821
RETFOUND_MAE_CFP_FROZEN_PCA128_SVM,3407,ODIR,S000456,ODIR,AMD_WET,AMD_WET,1,3.1329196227757216e-06,0.9990530686681058,0.0009437984122712932
RETFOUND_MAE_CFP_FROZEN_PCA128_SVM,3407,ODIR,S000457,ODIR,AMD_WET,AMD_WET,1,0.03258248304637796,0.9163432603848891,0.051074256568732955
RETFOUND_MAE_CFP_FROZEN_PCA128_SVM,3407,ODIR,S000458,ODIR,AMD_WET,AMD_WET,1,0.029109656833135204,0.9658285385851693,0.0050618045816955
RETFOUND_MAE_CFP_FROZEN_PCA128_SVM,3407,ODIR,S000459,ODIR,AMD_WET,AMD_WET,1,0.10685708390840272,0.789236021949208,0.10390689414238927
RETFOUND_MAE_CFP_FROZEN_PCA128_SVM,3407,ODIR,S000460,ODIR,AMD_WET,AMD_WET,1,0.1504204956523264,0.6990079500133439,0.15057155433432987
RETFOUND_MAE_CFP_FROZEN_PCA128_SVM,3407,ODIR,S000461,ODIR,AMD_WET,AMD_WET,1,0.27025888814542226,0.7148525324630403,0.014888579391537397
RETFOUND_MAE_CFP_FROZEN_PCA128_SVM,3407,ODIR,S000462,ODIR,AMD_WET,AMD_WET,1,0.026083293346734853,0.9726902684934633,0.0012264381598016143
RETFOUND_MAE_CFP_FROZEN_PCA128_SVM,3407,ODIR,S000463,ODIR,AMD_WET,AMD_WET,1,0.013310519405134573,0.9786481352629324,0.008041345331932915
RETFOUND_MAE_CFP_FROZEN_PCA128_SVM,3407,ODIR,S000464,ODIR,AMD_WET,AMD_WET,1,0.0354982181062541,0.9551042206343462,0.009397561259399731
RETFOUND_MAE_CFP_FROZEN_PCA128_SVM,3407,ODIR,S000465,ODIR,AMD_WET,AMD_WET,1,0.21023499923068192,0.672674272052724,0.11709072871659383
RETFOUND_MAE_CFP_FROZEN_PCA128_SVM,3407,ODIR,S000466,ODIR,AMD_WET,AMD_WET,1,0.007679194802348654,0.9820862145720279,0.0102345906256234
RETFOUND_MAE_CFP_FROZEN_PCA128_SVM,3407,ODIR,S000467,ODIR,AMD_WET,AMD_WET,1,0.011477551417950533,0.9830908161152957,0.005431632466753776
RETFOUND_MAE_CFP_FROZEN_PCA128_SVM,3407,ODIR,S000468,ODIR,AMD_WET,AMD_WET,1,3.6185725188178455e-06,0.9992956888757621,0.000700692551719079
RETFOUND_MAE_CFP_FROZEN_PCA128_SVM,3407,ODIR,S000469,ODIR,AMD_WET,AMD_WET,1,0.016277510081407924,0.9806224084322851,0.003100081486307175
RETFOUND_MAE_CFP_FROZEN_PCA128_SVM,3407,ODIR,S000470,ODIR,AMD_WET,AMD_WET,1,1.8291937346466132e-06,0.999319282358904,0.0006788884473614574
RETFOUND_MAE_CFP_FROZEN_PCA128_SVM,3407,ODIR,S000471,ODIR,AMD_WET,AMD_WET,1,0.16213155080730218,0.734100069129586,0.10376838006311169
RETFOUND_MAE_CFP_FROZEN_PCA128_SVM,3407,ODIR,S000472,ODIR,AMD_WET,AMD_WET,1,0.21399463886237882,0.6339091077064561,0.15209625343116456
RETFOUND_MAE_CFP_FROZEN_PCA128_SVM,3407,RFMID,S000473,RFMID,NORMAL,NORMAL,1,0.10093153982813323,0.2782998043472614,0.6207686558246053
RETFOUND_MAE_CFP_FROZEN_PCA128_SVM,3407,RFMID,S000474,RFMID,NORMAL,NORMAL,1,0.030046113149356624,0.17628944240011196,0.7936644444505313
RETFOUND_MAE_CFP_FROZEN_PCA128_SVM,3407,RFMID,S000475,RFMID,NORMAL,AMD_WET,0,0.07554883650508122,0.4684267118918879,0.4560244516030305
RETFOUND_MAE_CFP_FROZEN_PCA128_SVM,3407,RFMID,S000476,RFMID,NORMAL,AMD_WET,0,0.295874587953765,0.4860912559063208,0.21803415613991428
RETFOUND_MAE_CFP_FROZEN_PCA128_SVM,3407,RFMID,S000477,RFMID,NORMAL,NORMAL,1,0.11294165536097688,0.3522373098826347,0.5348210347563883
RETFOUND_MAE_CFP_FROZEN_PCA128_SVM,3407,RFMID,S000478,RFMID,NORMAL,AMD_DRY,0,0.7136688142835046,0.0767428333466944,0.20958835236980122
RETFOUND_MAE_CFP_FROZEN_PCA128_SVM,3407,RFMID,S000479,RFMID,NORMAL,NORMAL,1,0.11051003410758724,0.04569133844546881,0.843798627446944
RETFOUND_MAE_CFP_FROZEN_PCA128_SVM,3407,RFMID,S000480,RFMID,NORMAL,NORMAL,1,0.02315056703130426,0.011849390593367084,0.9650000423753287
RETFOUND_MAE_CFP_FROZEN_PCA128_SVM,3407,RFMID,S000481,RFMID,NORMAL,NORMAL,1,0.22697556925673792,0.14474047676639118,0.628283953976871
RETFOUND_MAE_CFP_FROZEN_PCA128_SVM,3407,RFMID,S000482,RFMID,NORMAL,NORMAL,1,0.21117301527266424,0.009735119739187921,0.7790918649881479
RETFOUND_MAE_CFP_FROZEN_PCA128_SVM,3407,RFMID,S000483,RFMID,NORMAL,NORMAL,1,0.007914720215688061,0.049675764174474425,0.9424095156098374
RETFOUND_MAE_CFP_FROZEN_PCA128_SVM,3407,RFMID,S000484,RFMID,NORMAL,AMD_WET,0,0.2558074175962454,0.47093011582814776,0.27326246657560643
RETFOUND_MAE_CFP_FROZEN_PCA128_SVM,3407,RFMID,S000485,RFMID,NORMAL,NORMAL,1,0.38257910053967403,0.19827360177633802,0.419147297683988
RETFOUND_MAE_CFP_FROZEN_PCA128_SVM,3407,RFMID,S000486,RFMID,NORMAL,NORMAL,1,0.08782507236635365,0.09647336484876692,0.8157015627848795
RETFOUND_MAE_CFP_FROZEN_PCA128_SVM,3407,RFMID,S000487,RFMID,NORMAL,NORMAL,1,0.012838039803305794,0.02136658732225199,0.9657953728744421
RETFOUND_MAE_CFP_FROZEN_PCA128_SVM,3407,RFMID,S000488,RFMID,NORMAL,NORMAL,1,0.07716266452222473,0.030475222015675214,0.8923621134621001
RETFOUND_MAE_CFP_FROZEN_PCA128_SVM,3407,RFMID,S000489,RFMID,NORMAL,NORMAL,1,0.42428410240201225,0.039493713814173825,0.5362221837838138
RETFOUND_MAE_CFP_FROZEN_PCA128_SVM,3407,RFMID,S000490,RFMID,NORMAL,NORMAL,1,0.054502197382763115,0.302678480954713,0.642819321662524
RETFOUND_MAE_CFP_FROZEN_PCA128_SVM,3407,RFMID,S000491,RFMID,NORMAL,AMD_WET,0,0.3303323432515394,0.4626664929236623,0.20700116382479825
RETFOUND_MAE_CFP_FROZEN_PCA128_SVM,3407,RFMID,S000492,RFMID,NORMAL,NORMAL,1,0.0140097219357626,0.23747380307699556,0.7485164749872419
RETFOUND_MAE_CFP_FROZEN_PCA128_SVM,3407,RFMID,S000493,RFMID,NORMAL,NORMAL,1,0.013146052542468638,0.1601449535678339,0.8267089938896973
RETFOUND_MAE_CFP_FROZEN_PCA128_SVM,3407,RFMID,S000494,RFMID,NORMAL,NORMAL,1,0.45831739778705616,0.07011046394001072,0.4715721382729331
RETFOUND_MAE_CFP_FROZEN_PCA128_SVM,3407,RFMID,S000495,RFMID,NORMAL,NORMAL,1,0.4028571357121408,0.024810825611295554,0.5723320386765637
RETFOUND_MAE_CFP_FROZEN_PCA128_SVM,3407,RFMID,S000496,RFMID,NORMAL,NORMAL,1,0.17385565063540745,0.31962978242339674,0.5065145669411957
RETFOUND_MAE_CFP_FROZEN_PCA128_SVM,3407,RFMID,S000497,RFMID,NORMAL,NORMAL,1,0.0025181992250995085,0.009966473212789255,0.9875153275621111
RETFOUND_MAE_CFP_FROZEN_PCA128_SVM,3407,RFMID,S000498,RFMID,NORMAL,AMD_DRY,0,0.5389338511803842,0.23839853483134113,0.2226676139882747
RETFOUND_MAE_CFP_FROZEN_PCA128_SVM,3407,RFMID,S000499,RFMID,NORMAL,AMD_WET,0,0.11848005685742465,0.6162112027139608,0.26530874042861474
RETFOUND_MAE_CFP_FROZEN_PCA128_SVM,3407,RFMID,S000500,RFMID,NORMAL,NORMAL,1,0.2006031905834504,0.09366313661490339,0.7057336728016461
RETFOUND_MAE_CFP_FROZEN_PCA128_SVM,3407,RFMID,S000501,RFMID,NORMAL,NORMAL,1,0.14274994260846294,0.0320587749339672,0.8251912824575698
RETFOUND_MAE_CFP_FROZEN_PCA128_SVM,3407,RFMID,S000502,RFMID,NORMAL,NORMAL,1,0.08060704066499677,0.10465454231391338,0.8147384170210898
RETFOUND_MAE_CFP_FROZEN_PCA128_SVM,3407,RFMID,S000503,RFMID,NORMAL,NORMAL,1,0.09564505415018282,0.044405021972501436,0.8599499238773157
RETFOUND_MAE_CFP_FROZEN_PCA128_SVM,3407,RFMID,S000504,RFMID,NORMAL,NORMAL,1,0.2521463739906623,0.042033491958884714,0.7058201340504532
RETFOUND_MAE_CFP_FROZEN_PCA128_SVM,3407,RFMID,S000505,RFMID,NORMAL,NORMAL,1,0.3681506286951246,0.018388447288483014,0.6134609240163924
RETFOUND_MAE_CFP_FROZEN_PCA128_SVM,3407,RFMID,S000506,RFMID,NORMAL,NORMAL,1,0.13231201329854875,0.26350090882255567,0.6041870778788956
RETFOUND_MAE_CFP_FROZEN_PCA128_SVM,3407,RFMID,S000507,RFMID,NORMAL,NORMAL,1,0.03163026487833505,0.009472300579680522,0.9588974345419845
RETFOUND_MAE_CFP_FROZEN_PCA128_SVM,3407,RFMID,S000508,RFMID,NORMAL,NORMAL,1,0.20861460604085785,0.18240168536577017,0.608983708593372
RETFOUND_MAE_CFP_FROZEN_PCA128_SVM,3407,RFMID,S000509,RFMID,NORMAL,NORMAL,1,0.016873793372168454,0.0036683207750839724,0.9794578858527475
RETFOUND_MAE_CFP_FROZEN_PCA128_SVM,3407,RFMID,S000510,RFMID,NORMAL,AMD_DRY,0,0.5110904647953186,0.24379637215104732,0.24511316305363393
RETFOUND_MAE_CFP_FROZEN_PCA128_SVM,3407,RFMID,S000511,RFMID,NORMAL,NORMAL,1,0.13696152344140675,0.262610931738768,0.6004275448198251
RETFOUND_MAE_CFP_FROZEN_PCA128_SVM,3407,RFMID,S000512,RFMID,NORMAL,NORMAL,1,0.2595144864981797,0.040869120187696936,0.6996163933141234
RETFOUND_MAE_CFP_FROZEN_PCA128_SVM,3407,RFMID,S000513,RFMID,NORMAL,AMD_WET,0,0.3311148428304686,0.49810053295478063,0.1707846242147507
RETFOUND_MAE_CFP_FROZEN_PCA128_SVM,3407,RFMID,S000514,RFMID,NORMAL,NORMAL,1,0.06036351445365684,0.051436760027718784,0.8881997255186245
RETFOUND_MAE_CFP_FROZEN_PCA128_SVM,3407,RFMID,S000515,RFMID,NORMAL,NORMAL,1,0.2309321096360924,0.06918301302648032,0.6998848773374274
RETFOUND_MAE_CFP_FROZEN_PCA128_SVM,3407,RFMID,S000516,RFMID,NORMAL,NORMAL,1,0.05443974046436286,0.11551130841349411,0.8300489511221429
RETFOUND_MAE_CFP_FROZEN_PCA128_SVM,3407,RFMID,S000517,RFMID,NORMAL,AMD_DRY,0,0.37118594977154085,0.34582610695940175,0.2829879432690573
RETFOUND_MAE_CFP_FROZEN_PCA128_SVM,3407,RFMID,S000518,RFMID,NORMAL,NORMAL,1,0.06312279979999381,0.006816468933213694,0.9300607312667925
RETFOUND_MAE_CFP_FROZEN_PCA128_SVM,3407,RFMID,S000519,RFMID,NORMAL,AMD_DRY,0,0.8164872117547229,0.03784202798442804,0.14567076026084919
RETFOUND_MAE_CFP_FROZEN_PCA128_SVM,3407,RFMID,S000520,RFMID,NORMAL,NORMAL,1,0.30444768567639324,0.16518266278382274,0.5303696515397839
RETFOUND_MAE_CFP_FROZEN_PCA128_SVM,3407,RFMID,S000521,RFMID,NORMAL,NORMAL,1,0.17014530257168858,0.03610866164910673,0.7937460357792046
RETFOUND_MAE_CFP_FROZEN_PCA128_SVM,3407,RFMID,S000522,RFMID,NORMAL,AMD_WET,0,0.29240102135391227,0.3734285130356083,0.3341704656104793
RETFOUND_MAE_CFP_FROZEN_PCA128_SVM,3407,RFMID,S000523,RFMID,NORMAL,NORMAL,1,0.009014844537709036,0.0031400974204427927,0.9878450580418481
RETFOUND_MAE_CFP_FROZEN_PCA128_SVM,3407,RFMID,S000524,RFMID,NORMAL,NORMAL,1,0.040522884972195646,0.23728634745969807,0.7221907675681062
RETFOUND_MAE_CFP_FROZEN_PCA128_SVM,3407,RFMID,S000525,RFMID,NORMAL,NORMAL,1,0.24797776533130747,0.0455590846193853,0.7064631500493074
RETFOUND_MAE_CFP_FROZEN_PCA128_SVM,3407,RFMID,S000526,RFMID,NORMAL,AMD_WET,0,0.03147746564766032,0.7067672759247058,0.2617552584276338
RETFOUND_MAE_CFP_FROZEN_PCA128_SVM,3407,RFMID,S000527,RFMID,NORMAL,NORMAL,1,0.3800160324840953,0.04554468331225831,0.5744392842036463
RETFOUND_MAE_CFP_FROZEN_PCA128_SVM,3407,RFMID,S000528,RFMID,NORMAL,NORMAL,1,0.03991132498567555,0.14200423566352383,0.8180844393508007
RETFOUND_MAE_CFP_FROZEN_PCA128_SVM,3407,RFMID,S000529,RFMID,NORMAL,NORMAL,1,0.25478322358603267,0.19058577725883905,0.5546309991551285
RETFOUND_MAE_CFP_FROZEN_PCA128_SVM,3407,RFMID,S000530,RFMID,NORMAL,NORMAL,1,0.11044867424954591,0.2440895831497237,0.6454617426007305
RETFOUND_MAE_CFP_FROZEN_PCA128_SVM,3407,RFMID,S000531,RFMID,NORMAL,NORMAL,1,0.10181972896004125,0.2536873097011389,0.6444929613388197
RETFOUND_MAE_CFP_FROZEN_PCA128_SVM,3407,RFMID,S000532,RFMID,NORMAL,NORMAL,1,0.07840908516679587,0.01955005394039358,0.9020408608928107
RETFOUND_MAE_CFP_FROZEN_PCA128_SVM,3407,RFMID,S000533,RFMID,NORMAL,NORMAL,1,0.03754406090602691,0.06689664990004975,0.8955592891939231
RETFOUND_MAE_CFP_FROZEN_PCA128_SVM,3407,RFMID,S000534,RFMID,NORMAL,NORMAL,1,0.03763300451967898,0.056740231788223336,0.9056267636920977
RETFOUND_MAE_CFP_FROZEN_PCA128_SVM,3407,RFMID,S000535,RFMID,NORMAL,AMD_DRY,0,0.6895699677824739,0.026876999599575395,0.28355303261795095
RETFOUND_MAE_CFP_FROZEN_PCA128_SVM,3407,RFMID,S000536,RFMID,AMD_DRY,AMD_DRY,1,0.8507817569845064,0.14062318080797,0.008595062207523561
RETFOUND_MAE_CFP_FROZEN_PCA128_SVM,3407,RFMID,S000537,RFMID,AMD_DRY,AMD_DRY,1,0.9288850886841975,0.06370414138269873,0.007410769933103871
RETFOUND_MAE_CFP_FROZEN_PCA128_SVM,3407,RFMID,S000538,RFMID,AMD_DRY,AMD_WET,0,0.1295717864697284,0.8644124653217499,0.006015748208521821
RETFOUND_MAE_CFP_FROZEN_PCA128_SVM,3407,RFMID,S000539,RFMID,AMD_DRY,AMD_DRY,1,0.6105127196254988,0.38609681821496805,0.003390462159533093
RETFOUND_MAE_CFP_FROZEN_PCA128_SVM,3407,RFMID,S000540,RFMID,AMD_DRY,AMD_DRY,1,0.7011698793654318,0.28931182112205056,0.009518299512517574
RETFOUND_MAE_CFP_FROZEN_PCA128_SVM,3407,RFMID,S000541,RFMID,AMD_DRY,AMD_WET,0,0.33256982489040116,0.660245055235185,0.007185119874413823
RETFOUND_MAE_CFP_FROZEN_PCA128_SVM,3407,RFMID,S000542,RFMID,AMD_DRY,AMD_WET,0,0.21124326248874176,0.786297286106121,0.002459451405137346
RETFOUND_MAE_CFP_FROZEN_PCA128_SVM,3407,RFMID,S000543,RFMID,AMD_DRY,AMD_DRY,1,0.5313614308103113,0.46400000794106333,0.0046385612486253705
RETFOUND_MAE_CFP_FROZEN_PCA128_SVM,3407,RFMID,S000544,RFMID,AMD_WET,AMD_WET,1,0.07370173477240123,0.9143156390172944,0.01198262621030424
RETFOUND_MAE_CFP_FROZEN_PCA128_SVM,3407,RFMID,S000545,RFMID,AMD_WET,AMD_WET,1,0.4493819109903663,0.549446371920898,0.0011717170887356305
RETFOUND_MAE_CFP_FROZEN_PCA128_SVM,3407,RFMID,S000546,RFMID,AMD_WET,AMD_WET,1,0.0870338701356394,0.9004078498709176,0.012558279993443049
RETFOUND_MAE_CFP_FROZEN_PCA128_SVM,3407,RFMID,S000547,RFMID,AMD_WET,AMD_DRY,0,0.5661186938362113,0.4213849933301735,0.012496312833615249
RETFOUND_MAE_CFP_FROZEN_PCA128_SVM,3407,RFMID,S000548,RFMID,AMD_WET,AMD_WET,1,0.09144132546179527,0.8947839598264187,0.013774714711785822
RETFOUND_MAE_CFP_FROZEN_PCA128_SVM,3407,RFMID,S000549,RFMID,AMD_WET,AMD_WET,1,3.8175795374910396e-07,0.999741940399848,0.00025767784219830447
RETFOUND_MAE_CFP_FROZEN_PCA128_SVM,3407,RFMID,S000550,RFMID,AMD_WET,AMD_WET,1,0.002597231896789461,0.9969648222981613,0.00043794580504925894
RETFOUND_MAE_CFP_FROZEN_PCA128_SVM,3407,RFMID,S000551,RFMID,AMD_WET,AMD_WET,1,1.8683111120945906e-07,0.9999809828602985,1.8830308590365983e-05
RETFOUND_MAE_CFP_FROZEN_PCA128_SVM,3407,RFMID,S000552,RFMID,AMD_WET,AMD_WET,1,0.06797327237621092,0.9219267396081535,0.010099988015635719
RETFOUND_MAE_CFP_FROZEN_PCA128_SVM,3407,RFMID,S000553,RFMID,AMD_WET,AMD_WET,1,0.07687373392847423,0.9088325871395005,0.014293678932025308
RETFOUND_MAE_CFP_FROZEN_PCA128_SVM,3407,RFMID,S000554,RFMID,AMD_WET,AMD_WET,1,0.009820936716766511,0.9880199801425559,0.002159083140677347
RETFOUND_MAE_CFP_FROZEN_PCA128_SVM,3407,RFMID,S000555,RFMID,AMD_WET,AMD_WET,1,0.007288043560001437,0.9917264958290392,0.000985460610959607
RETFOUND_MAE_CFP_FROZEN_PCA128_SVM,3407,RFMID,S000556,RFMID,AMD_WET,AMD_WET,1,0.005189372797675336,0.9934881830247665,0.001322444177558212
RETFOUND_MAE_CFP_FROZEN_PCA128_SVM,3407,RFMID,S000557,RFMID,AMD_WET,AMD_WET,1,5.267518629021705e-08,0.9999595163116308,4.0431013182827476e-05
RETFOUND_MAE_CFP_FROZEN_PCA128_SVM,3407,RFMID,S000558,RFMID,AMD_WET,AMD_WET,1,0.002352745837753076,0.996881641858564,0.0007656123036831575
RETFOUND_MAE_CFP_FROZEN_PCA128_SVM,3407,RFMID,S000559,RFMID,AMD_WET,AMD_WET,1,0.027277365198108416,0.9702708863928404,0.002451748409051013
RETFOUND_MAE_CFP_FROZEN_PCA128_SVM,3407,RFMID,S000560,RFMID,AMD_WET,AMD_WET,1,0.07318957462109753,0.9246585822450148,0.0021518431338875496
RETFOUND_MAE_CFP_FROZEN_PCA128_SVM,3407,RFMID,S000561,RFMID,AMD_WET,AMD_WET,1,0.0051260360443121065,0.9936460880394179,0.001227875916270189
RETFOUND_MAE_CFP_FROZEN_PCA128_SVM,3407,RFMID,S000562,RFMID,AMD_WET,AMD_WET,1,0.07236289226650437,0.9269108202250473,0.0007262875084482763
RETFOUND_MAE_CFP_FROZEN_PCA128_SVM,3407,RFMID,S000563,RFMID,AMD_WET,AMD_WET,1,0.0075017741536058955,0.9916778582015374,0.0008203676448570628
RETFOUND_MAE_CFP_FROZEN_PCA128_SVM,3407,RFMID,S000564,RFMID,AMD_WET,AMD_WET,1,0.058546382853136916,0.9405800491314266,0.0008735680154368425
RETFOUND_MAE_CFP_FROZEN_PCA128_SVM,3407,RFMID,S000565,RFMID,AMD_WET,AMD_WET,1,0.0077072081752503005,0.9922549222604454,3.7869564304352296e-05
RETFOUND_MAE_CFP_FROZEN_PCA128_SVM,3407,RFMID,S000566,RFMID,AMD_WET,AMD_WET,1,1.450247522506653e-06,0.9997596882556173,0.00023886149686021778
RETFOUND_MAE_CFP_FROZEN_PCA128_SVM,3407,RFMID,S000567,RFMID,AMD_WET,AMD_WET,1,0.02479060594795359,0.9721443438873244,0.0030650501647219307
RETFOUND_MAE_CFP_FROZEN_PCA128_SVM,3407,RFMID,S000568,RFMID,AMD_WET,AMD_WET,1,0.25106143263147934,0.7445902997719206,0.004348267596600011
RETFOUND_MAE_CFP_FROZEN_PCA128_SVM,3407,RFMID,S000569,RFMID,AMD_WET,AMD_WET,1,0.004520998767075534,0.9949550912878296,0.0005239099450950509
RETFOUND_MAE_CFP_FROZEN_PCA128_SVM,3407,RFMID,S000570,RFMID,AMD_WET,AMD_WET,1,0.005004766350119843,0.994933225281642,6.200836823805571e-05
RETFOUND_MAE_CFP_FROZEN_PCA128_SVM,3407,RFMID,S000571,RFMID,AMD_WET,AMD_WET,1,0.018705274258186935,0.9788370505712968,0.0024576751705163275
RETFOUND_MAE_CFP_FROZEN_PCA128_SVM,3407,RFMID,S000572,RFMID,AMD_WET,AMD_WET,1,0.025484714272946105,0.9729139925529855,0.0016012931740682795
RETFOUND_MAE_CFP_FROZEN_PCA128_SVM,3407,RFMID,S000573,RFMID,AMD_WET,AMD_WET,1,0.4076595147539313,0.5785911592627483,0.01374932598332039
RETFOUND_MAE_CFP_FROZEN_PCA128_SVM,3407,RFMID,S000574,RFMID,AMD_WET,AMD_WET,1,0.017523607426310716,0.9807930872767857,0.0016833052969035575
RETFOUND_MAE_CFP_FROZEN_PCA128_SVM,3407,RFMID,S000575,RFMID,AMD_WET,AMD_WET,1,0.02132062372205426,0.9764091159588338,0.0022702603191119496
RETFOUND_MAE_CFP_FROZEN_PCA128_SVM,3407,RFMID,S000576,RFMID,AMD_WET,AMD_WET,1,0.0032138127183481504,0.9960463678937124,0.000739819387939353
RETFOUND_MAE_CFP_FROZEN_PCA128_SVM,3407,RFMID,S000577,RFMID,AMD_WET,AMD_WET,1,0.004327652769915264,0.9949180446736408,0.0007543025564442531
RETFOUND_MAE_CFP_FROZEN_PCA128_SVM,3407,RFMID,S000578,RFMID,AMD_WET,AMD_WET,1,0.08046118543507978,0.9188534491213425,0.0006853654435778311
RETFOUND_MAE_CFP_FROZEN_PCA128_SVM,3407,RFMID,S000579,RFMID,AMD_WET,AMD_WET,1,0.013989559093642606,0.9833037549570398,0.002706685949317751
RETFOUND_MAE_CFP_FROZEN_PCA128_SVM,3407,RFMID,S000580,RFMID,AMD_WET,AMD_WET,1,0.002261814292747556,0.996565115028588,0.0011730706786645584
RETFOUND_MAE_CFP_FROZEN_PCA128_SVM,3407,RFMID,S000581,RFMID,AMD_WET,AMD_WET,1,0.022344261702996887,0.9759446735184929,0.0017110647785104575
RETFOUND_MAE_CFP_FROZEN_PCA128_SVM,3407,RFMID,S000582,RFMID,AMD_WET,AMD_WET,1,0.08213065276178991,0.9081991278734134,0.009670219364796583
RETFOUND_MAE_CFP_FROZEN_PCA128_SVM,3407,RFMID,S000583,RFMID,AMD_WET,AMD_WET,1,0.056144793568455705,0.9372148382171139,0.006640368214430441
RETFOUND_MAE_CFP_FROZEN_PCA128_SVM,3407,RFMID,S000584,RFMID,AMD_WET,AMD_WET,1,0.0026195191590749167,0.9968922088488114,0.00048827199211369835
RETFOUND_MAE_CFP_FROZEN_PCA128_SVM,3407,RFMID,S000585,RFMID,AMD_WET,AMD_WET,1,0.011832678841978006,0.988134382731965,3.293842605702641e-05
RETFOUND_MAE_CFP_FROZEN_PCA128_SVM,3407,RFMID,S000586,RFMID,AMD_WET,AMD_WET,1,0.04697907450990639,0.948565554550534,0.004455370939559515
RETFOUND_MAE_CFP_FROZEN_PCA128_SVM,3407,RFMID,S000587,RFMID,AMD_WET,AMD_WET,1,0.028326511558991553,0.9704538257782076,0.0012196626628008102
RETFOUND_MAE_CFP_FROZEN_PCA128_SVM,3407,RFMID,S000588,RFMID,AMD_WET,AMD_DRY,0,0.6013389155588805,0.38364804026962496,0.015013044171494393
RETFOUND_MAE_CFP_FROZEN_PCA128_SVM,3407,RFMID,S000589,RFMID,AMD_WET,AMD_WET,1,0.28568906186954324,0.7108352376830854,0.0034757004473712
RETFOUND_MAE_CFP_FROZEN_PCA128_SVM,3407,RFMID,S000590,RFMID,AMD_WET,AMD_WET,1,0.03902010012715044,0.955245798848561,0.005734101024288635
RETFOUND_MAE_CFP_FROZEN_PCA128_SVM,3407,RFMID,S000591,RFMID,AMD_WET,AMD_WET,1,0.0021769383476417303,0.9973656802426496,0.00045738140970874705
RETFOUND_MAE_CFP_FROZEN_PCA128_SVM,3407,RFMID,S000592,RFMID,AMD_WET,AMD_WET,1,0.04700084533514733,0.9482035912332545,0.00479556343159818
RETFOUND_MAE_CFP_FROZEN_PCA128_SVM,3407,RFMID,S000593,RFMID,AMD_WET,AMD_WET,1,3.8920166012033725e-08,0.999954329434233,4.5631645600892113e-05
RETFOUND_MAE_CFP_FROZEN_PCA128_SVM,3407,RFMID,S000594,RFMID,AMD_WET,AMD_WET,1,0.0365682514492245,0.961625872600359,0.0018058759504165887
RETFOUND_MAE_CFP_FROZEN_PCA128_SVM,3407,RFMID,S000595,RFMID,AMD_WET,AMD_WET,1,0.029741030597600623,0.9697594474731585,0.0004995219292408674
RETFOUND_MAE_CFP_FROZEN_PCA128_SVM,3407,RFMID,S000596,RFMID,AMD_WET,AMD_WET,1,0.01494711364168372,0.9848587395088898,0.00019414684942665954
RETFOUND_MAE_CFP_FROZEN_PCA128_SVM,3407,RFMID,S000597,RFMID,AMD_WET,AMD_WET,1,0.29513036198943027,0.7015577389649582,0.003311899045611444
RETFOUND_MAE_CFP_FROZEN_PCA128_SVM,7777,ADAM,S000001,ADAM,AMD_DRY,AMD_DRY,1,0.923090538361886,0.065338018633518,0.011571443004596359
RETFOUND_MAE_CFP_FROZEN_PCA128_SVM,7777,ADAM,S000002,ADAM,AMD_DRY,NORMAL,0,0.0034798424684593576,0.0014831373256874974,0.995037020205853
RETFOUND_MAE_CFP_FROZEN_PCA128_SVM,7777,ADAM,S000003,ADAM,AMD_DRY,AMD_DRY,1,0.5905611669173818,0.03036219280551481,0.3790766402771033
RETFOUND_MAE_CFP_FROZEN_PCA128_SVM,7777,ADAM,S000004,ADAM,AMD_DRY,AMD_DRY,1,0.8516040422848655,0.006429534022190274,0.14196642369294435
RETFOUND_MAE_CFP_FROZEN_PCA128_SVM,7777,ADAM,S000005,ADAM,AMD_DRY,NORMAL,0,0.0015378555531379856,0.0016377570597099738,0.9968243873871521
RETFOUND_MAE_CFP_FROZEN_PCA128_SVM,7777,ADAM,S000006,ADAM,AMD_DRY,AMD_DRY,1,0.959016672863399,0.04081415873733317,0.00016916839926778683
RETFOUND_MAE_CFP_FROZEN_PCA128_SVM,7777,ADAM,S000007,ADAM,AMD_DRY,AMD_DRY,1,0.9960805155762749,0.003678736268373164,0.00024074815535214138
RETFOUND_MAE_CFP_FROZEN_PCA128_SVM,7777,ADAM,S000008,ADAM,AMD_DRY,AMD_DRY,1,0.8031413315964213,0.16826233762010345,0.02859633078347522
RETFOUND_MAE_CFP_FROZEN_PCA128_SVM,7777,ADAM,S000009,ADAM,AMD_DRY,AMD_DRY,1,0.8302930768646613,0.1607179675644253,0.008988955570913625
RETFOUND_MAE_CFP_FROZEN_PCA128_SVM,7777,ADAM,S000010,ADAM,AMD_DRY,AMD_DRY,1,0.7685445540053335,0.16966540364961927,0.06179004234504706
RETFOUND_MAE_CFP_FROZEN_PCA128_SVM,7777,ADAM,S000011,ADAM,AMD_DRY,AMD_DRY,1,0.6575195494621255,0.04587329102594746,0.29660715951192695
RETFOUND_MAE_CFP_FROZEN_PCA128_SVM,7777,ADAM,S000012,ADAM,AMD_DRY,AMD_DRY,1,0.755940533458959,0.16890849598734914,0.07515097055369165
RETFOUND_MAE_CFP_FROZEN_PCA128_SVM,7777,ADAM,S000013,ADAM,AMD_DRY,AMD_DRY,1,0.9725759345137671,0.024399454551861,0.003024610934371977
RETFOUND_MAE_CFP_FROZEN_PCA128_SVM,7777,ADAM,S000014,ADAM,AMD_DRY,NORMAL,0,7.82587797326567e-06,4.057214708800546e-06,0.9999881169073179
RETFOUND_MAE_CFP_FROZEN_PCA128_SVM,7777,ADAM,S000015,ADAM,AMD_DRY,AMD_DRY,1,0.9870520204861123,0.012727824125405901,0.00022015538848193223
RETFOUND_MAE_CFP_FROZEN_PCA128_SVM,7777,ADAM,S000016,ADAM,AMD_DRY,NORMAL,0,0.362228687356125,0.11833619566131523,0.5194351169825598
RETFOUND_MAE_CFP_FROZEN_PCA128_SVM,7777,ADAM,S000017,ADAM,AMD_DRY,AMD_DRY,1,0.4587386401508288,0.42891272149458226,0.11234863835458879
RETFOUND_MAE_CFP_FROZEN_PCA128_SVM,7777,ADAM,S000018,ADAM,AMD_DRY,NORMAL,0,0.2180592525273943,0.33920360271167355,0.44273714476093196
RETFOUND_MAE_CFP_FROZEN_PCA128_SVM,7777,ADAM,S000019,ADAM,AMD_DRY,NORMAL,0,0.3298631745334683,0.0553285599337077,0.6148082655328239
RETFOUND_MAE_CFP_FROZEN_PCA128_SVM,7777,ADAM,S000020,ADAM,AMD_DRY,AMD_DRY,1,0.642377700280255,0.10266879706299673,0.2549535026567483
RETFOUND_MAE_CFP_FROZEN_PCA128_SVM,7777,ADAM,S000021,ADAM,AMD_DRY,NORMAL,0,0.03922219445161797,0.008437100538986116,0.9523407050093959
RETFOUND_MAE_CFP_FROZEN_PCA128_SVM,7777,ADAM,S000022,ADAM,AMD_DRY,NORMAL,0,0.2378236539384891,0.039467436937314145,0.7227089091241966
RETFOUND_MAE_CFP_FROZEN_PCA128_SVM,7777,ADAM,S000023,ADAM,AMD_DRY,AMD_WET,0,0.2502300812589658,0.7485383513794014,0.0012315673616327793
RETFOUND_MAE_CFP_FROZEN_PCA128_SVM,7777,ADAM,S000024,ADAM,AMD_DRY,NORMAL,0,0.36598116878053083,0.2235402785535048,0.41047855266596406
RETFOUND_MAE_CFP_FROZEN_PCA128_SVM,7777,ADAM,S000025,ADAM,AMD_DRY,NORMAL,0,0.07800993716921636,0.07657354568553373,0.8454165171452496
RETFOUND_MAE_CFP_FROZEN_PCA128_SVM,7777,ADAM,S000026,ADAM,AMD_DRY,AMD_DRY,1,0.9955064950959199,0.0029551054873390584,0.0015383994167408664
RETFOUND_MAE_CFP_FROZEN_PCA128_SVM,7777,ADAM,S000027,ADAM,AMD_DRY,NORMAL,0,0.10917747450968943,0.005863380246124011,0.8849591452441864
RETFOUND_MAE_CFP_FROZEN_PCA128_SVM,7777,ADAM,S000028,ADAM,AMD_DRY,NORMAL,0,0.004289841710541768,0.001987727259971634,0.9937224310294867
RETFOUND_MAE_CFP_FROZEN_PCA128_SVM,7777,ADAM,S000029,ADAM,AMD_DRY,NORMAL,0,0.0518306891569157,0.0015776752758677398,0.9465916355672165
RETFOUND_MAE_CFP_FROZEN_PCA128_SVM,7777,ADAM,S000030,ADAM,AMD_DRY,NORMAL,0,2.201233769308242e-06,1.2771204055471664e-06,0.9999965216458251
RETFOUND_MAE_CFP_FROZEN_PCA128_SVM,7777,ADAM,S000031,ADAM,AMD_DRY,NORMAL,0,0.3439298630763885,0.002416315828280945,0.653653821095331
RETFOUND_MAE_CFP_FROZEN_PCA128_SVM,7777,ADAM,S000032,ADAM,AMD_DRY,AMD_DRY,1,0.9677996290066646,0.021534340692011798,0.01066603030132365
RETFOUND_MAE_CFP_FROZEN_PCA128_SVM,7777,ADAM,S000033,ADAM,AMD_DRY,AMD_DRY,1,0.5724617485665244,0.039933620788096334,0.3876046306453792
RETFOUND_MAE_CFP_FROZEN_PCA128_SVM,7777,ADAM,S000034,ADAM,AMD_DRY,AMD_DRY,1,0.6549659528603184,0.29783114195121596,0.047202905188465684
RETFOUND_MAE_CFP_FROZEN_PCA128_SVM,7777,ADAM,S000035,ADAM,AMD_DRY,AMD_DRY,1,0.9083244293752412,0.08990320025871983,0.0017723703660389807
RETFOUND_MAE_CFP_FROZEN_PCA128_SVM,7777,ADAM,S000036,ADAM,AMD_WET,AMD_DRY,0,0.7850951087708568,0.11764892890281711,0.09725596232632591
RETFOUND_MAE_CFP_FROZEN_PCA128_SVM,7777,ADAM,S000037,ADAM,AMD_WET,AMD_DRY,0,0.7835901454931078,0.2159681410575882,0.0004417134493039496
RETFOUND_MAE_CFP_FROZEN_PCA128_SVM,7777,ADAM,S000038,ADAM,AMD_WET,AMD_WET,1,0.11014410795332635,0.8894836808289984,0.00037221121767523705
RETFOUND_MAE_CFP_FROZEN_PCA128_SVM,7777,ADAM,S000039,ADAM,AMD_WET,AMD_WET,1,0.0031887043358340083,0.9963871938559833,0.000424101808182465
RETFOUND_MAE_CFP_FROZEN_PCA128_SVM,7777,ADAM,S000040,ADAM,AMD_WET,AMD_WET,1,0.02735457724022326,0.9723610862701192,0.0002843364896575178
RETFOUND_MAE_CFP_FROZEN_PCA128_SVM,7777,ADAM,S000041,ADAM,AMD_WET,AMD_WET,1,2.3605631245378115e-07,0.999817291875718,0.00018247206796968393
RETFOUND_MAE_CFP_FROZEN_PCA128_SVM,7777,ADAM,S000042,ADAM,AMD_WET,AMD_DRY,0,0.9348642284755788,0.06472727460063908,0.0004084969237820845
RETFOUND_MAE_CFP_FROZEN_PCA128_SVM,7777,ADAM,S000043,ADAM,AMD_WET,AMD_WET,1,1.6515872558937358e-07,0.9998050126373138,0.00019482220396058948
RETFOUND_MAE_CFP_FROZEN_PCA128_SVM,7777,ADAM,S000044,ADAM,AMD_WET,AMD_DRY,0,0.9784318039053315,0.02119821648636397,0.0003699796083045397
RETFOUND_MAE_CFP_FROZEN_PCA128_SVM,7777,ADAM,S000045,ADAM,AMD_WET,AMD_DRY,0,0.6580155912458727,0.34013749153998263,0.0018469172141444771
RETFOUND_MAE_CFP_FROZEN_PCA128_SVM,7777,ADAM,S000046,ADAM,AMD_WET,AMD_WET,1,0.002914865499371147,0.9970808284044606,4.306096168359391e-06
RETFOUND_MAE_CFP_FROZEN_PCA128_SVM,7777,ADAM,S000047,ADAM,AMD_WET,AMD_WET,1,0.3067305496091472,0.4441382272846204,0.2491312231062323
RETFOUND_MAE_CFP_FROZEN_PCA128_SVM,7777,ADAM,S000048,ADAM,AMD_WET,AMD_WET,1,0.04557421741565187,0.9538551423685679,0.0005706402157801135
RETFOUND_MAE_CFP_FROZEN_PCA128_SVM,7777,ADAM,S000049,ADAM,AMD_WET,NORMAL,0,0.00482691961074773,0.0021484900184471595,0.9930245903708051
RETFOUND_MAE_CFP_FROZEN_PCA128_SVM,7777,ADAM,S000050,ADAM,AMD_WET,AMD_DRY,0,0.826071825758736,0.1738596881285533,6.84861127111396e-05
RETFOUND_MAE_CFP_FROZEN_PCA128_SVM,7777,ADAM,S000051,ADAM,AMD_WET,AMD_WET,1,0.01229744035969678,0.9872006383454213,0.00050192129488183
RETFOUND_MAE_CFP_FROZEN_PCA128_SVM,7777,ADAM,S000052,ADAM,AMD_WET,AMD_WET,1,0.04482557563933365,0.9504252535576578,0.004749170803008647
RETFOUND_MAE_CFP_FROZEN_PCA128_SVM,7777,FIVES,S000053,FIVES,NORMAL,NORMAL,1,0.005604907578322401,0.006848840717424609,0.9875462517042529
RETFOUND_MAE_CFP_FROZEN_PCA128_SVM,7777,FIVES,S000054,FIVES,NORMAL,NORMAL,1,0.004421924000332274,0.00268190811808761,0.9928961678815802
RETFOUND_MAE_CFP_FROZEN_PCA128_SVM,7777,FIVES,S000055,FIVES,NORMAL,NORMAL,1,0.07493767986437254,0.08940015184130841,0.835662168294319
RETFOUND_MAE_CFP_FROZEN_PCA128_SVM,7777,FIVES,S000056,FIVES,NORMAL,NORMAL,1,0.10066351782224654,0.06796808102373975,0.8313684011540139
RETFOUND_MAE_CFP_FROZEN_PCA128_SVM,7777,FIVES,S000057,FIVES,NORMAL,NORMAL,1,0.002769181018797034,0.013633004771897071,0.9835978142093059
RETFOUND_MAE_CFP_FROZEN_PCA128_SVM,7777,FIVES,S000058,FIVES,NORMAL,NORMAL,1,0.035896337058452556,0.07563848166961448,0.8884651812719332
RETFOUND_MAE_CFP_FROZEN_PCA128_SVM,7777,FIVES,S000059,FIVES,NORMAL,NORMAL,1,0.004968118372736144,0.005750816226944585,0.9892810654003192
RETFOUND_MAE_CFP_FROZEN_PCA128_SVM,7777,FIVES,S000060,FIVES,NORMAL,NORMAL,1,0.002387478254336361,0.01657710613568052,0.9810354156099832
RETFOUND_MAE_CFP_FROZEN_PCA128_SVM,7777,FIVES,S000061,FIVES,NORMAL,NORMAL,1,0.008720616277911413,0.019407581916109515,0.9718718018059791
RETFOUND_MAE_CFP_FROZEN_PCA128_SVM,7777,FIVES,S000062,FIVES,NORMAL,NORMAL,1,0.11846062376749228,0.026641057925010102,0.8548983183074975
RETFOUND_MAE_CFP_FROZEN_PCA128_SVM,7777,FIVES,S000063,FIVES,NORMAL,NORMAL,1,0.010582772144468863,0.0023228015170146023,0.9870944263385164
RETFOUND_MAE_CFP_FROZEN_PCA128_SVM,7777,FIVES,S000064,FIVES,NORMAL,NORMAL,1,0.0068561869826040895,0.0018523269910504768,0.9912914860263456
RETFOUND_MAE_CFP_FROZEN_PCA128_SVM,7777,FIVES,S000065,FIVES,NORMAL,NORMAL,1,0.017914405999580857,0.008082525446666504,0.9740030685537527
RETFOUND_MAE_CFP_FROZEN_PCA128_SVM,7777,FIVES,S000066,FIVES,NORMAL,NORMAL,1,0.013555496557917853,0.003395903711806591,0.9830485997302754
RETFOUND_MAE_CFP_FROZEN_PCA128_SVM,7777,FIVES,S000067,FIVES,NORMAL,NORMAL,1,0.00417520280054849,0.004000278017849199,0.9918245191816022
RETFOUND_MAE_CFP_FROZEN_PCA128_SVM,7777,FIVES,S000068,FIVES,NORMAL,NORMAL,1,0.063455567283761,0.018566409174101014,0.917978023542138
RETFOUND_MAE_CFP_FROZEN_PCA128_SVM,7777,FIVES,S000069,FIVES,NORMAL,NORMAL,1,0.0005585314377726043,0.0010282935140016618,0.9984131750482257
RETFOUND_MAE_CFP_FROZEN_PCA128_SVM,7777,FIVES,S000070,FIVES,NORMAL,NORMAL,1,0.04921220273412903,0.014282819008246773,0.9365049782576244
RETFOUND_MAE_CFP_FROZEN_PCA128_SVM,7777,FIVES,S000071,FIVES,NORMAL,NORMAL,1,0.06172946243619508,0.031817064812691254,0.9064534727511138
RETFOUND_MAE_CFP_FROZEN_PCA128_SVM,7777,FIVES,S000072,FIVES,NORMAL,NORMAL,1,0.23272264506111282,0.11888457348357216,0.6483927814553149
RETFOUND_MAE_CFP_FROZEN_PCA128_SVM,7777,FIVES,S000073,FIVES,NORMAL,NORMAL,1,0.05004931583355986,0.008879745769536644,0.9410709383969036
RETFOUND_MAE_CFP_FROZEN_PCA128_SVM,7777,FIVES,S000074,FIVES,NORMAL,NORMAL,1,0.004444640577972063,0.012077119666526826,0.9834782397555014
RETFOUND_MAE_CFP_FROZEN_PCA128_SVM,7777,FIVES,S000075,FIVES,NORMAL,NORMAL,1,0.0005335030491280905,0.003011805039675429,0.9964546919111966
RETFOUND_MAE_CFP_FROZEN_PCA128_SVM,7777,FIVES,S000076,FIVES,NORMAL,NORMAL,1,0.1252192691283613,0.017879478062849008,0.8569012528087898
RETFOUND_MAE_CFP_FROZEN_PCA128_SVM,7777,FIVES,S000077,FIVES,NORMAL,NORMAL,1,0.07931381138885737,0.012461809155115636,0.9082243794560272
RETFOUND_MAE_CFP_FROZEN_PCA128_SVM,7777,FIVES,S000078,FIVES,NORMAL,NORMAL,1,0.04563667259137743,0.034509243936154795,0.919854083472468
RETFOUND_MAE_CFP_FROZEN_PCA128_SVM,7777,FIVES,S000079,FIVES,NORMAL,NORMAL,1,0.013044414423932522,0.044325639807787386,0.9426299457682801
RETFOUND_MAE_CFP_FROZEN_PCA128_SVM,7777,FIVES,S000080,FIVES,NORMAL,NORMAL,1,0.010223609163617345,0.001734949816732218,0.9880414410196504
RETFOUND_MAE_CFP_FROZEN_PCA128_SVM,7777,FIVES,S000081,FIVES,NORMAL,NORMAL,1,0.0017207076277485135,0.0009113150372859681,0.9973679773349653
RETFOUND_MAE_CFP_FROZEN_PCA128_SVM,7777,FIVES,S000082,FIVES,NORMAL,NORMAL,1,0.016951160566452912,0.005514380135056131,0.9775344592984908
RETFOUND_MAE_CFP_FROZEN_PCA128_SVM,7777,FIVES,S000083,FIVES,NORMAL,NORMAL,1,0.007457190510916365,0.01583133670226613,0.9767114727868175
RETFOUND_MAE_CFP_FROZEN_PCA128_SVM,7777,FIVES,S000084,FIVES,NORMAL,NORMAL,1,0.007758121091765716,0.008414868287072554,0.9838270106211617
RETFOUND_MAE_CFP_FROZEN_PCA128_SVM,7777,FIVES,S000085,FIVES,NORMAL,NORMAL,1,0.016137830631467027,0.006811779370521777,0.9770503899980114
RETFOUND_MAE_CFP_FROZEN_PCA128_SVM,7777,FIVES,S000086,FIVES,NORMAL,NORMAL,1,0.23610157489229713,0.14784254799442165,0.6160558771132809
RETFOUND_MAE_CFP_FROZEN_PCA128_SVM,7777,FIVES,S000087,FIVES,NORMAL,NORMAL,1,0.0032787867342845105,0.0020900754309671485,0.9946311378347484
RETFOUND_MAE_CFP_FROZEN_PCA128_SVM,7777,FIVES,S000088,FIVES,NORMAL,NORMAL,1,0.18085676314533033,0.002910739516975363,0.8162324973376943
RETFOUND_MAE_CFP_FROZEN_PCA128_SVM,7777,FIVES,S000089,FIVES,NORMAL,NORMAL,1,0.06973565527898594,0.0038762631150160856,0.9263880816059976
RETFOUND_MAE_CFP_FROZEN_PCA128_SVM,7777,FIVES,S000090,FIVES,NORMAL,NORMAL,1,0.010559958730249393,0.01379169696156923,0.9756483443081816
RETFOUND_MAE_CFP_FROZEN_PCA128_SVM,7777,FIVES,S000091,FIVES,NORMAL,NORMAL,1,0.01154655894923291,0.004295592123700911,0.9841578489270663
RETFOUND_MAE_CFP_FROZEN_PCA128_SVM,7777,FIVES,S000092,FIVES,NORMAL,NORMAL,1,0.03706763341305215,0.017068105878649497,0.9458642607082983
RETFOUND_MAE_CFP_FROZEN_PCA128_SVM,7777,FIVES,S000093,FIVES,NORMAL,NORMAL,1,0.011011843128344911,0.0035766138157275517,0.9854115430559277
RETFOUND_MAE_CFP_FROZEN_PCA128_SVM,7777,FIVES,S000094,FIVES,NORMAL,NORMAL,1,0.004287784133540635,0.005661358915441031,0.9900508569510182
RETFOUND_MAE_CFP_FROZEN_PCA128_SVM,7777,FIVES,S000095,FIVES,NORMAL,NORMAL,1,0.007768107473749592,0.024745277068390407,0.9674866154578601
RETFOUND_MAE_CFP_FROZEN_PCA128_SVM,7777,FIVES,S000096,FIVES,NORMAL,NORMAL,1,0.406977882826384,0.05271969916985318,0.540302418003763
RETFOUND_MAE_CFP_FROZEN_PCA128_SVM,7777,FIVES,S000097,FIVES,NORMAL,NORMAL,1,0.08084936528204907,0.036316450859689244,0.8828341838582618
RETFOUND_MAE_CFP_FROZEN_PCA128_SVM,7777,FIVES,S000098,FIVES,NORMAL,NORMAL,1,0.04415412796026461,0.019618165901490247,0.9362277061382454
RETFOUND_MAE_CFP_FROZEN_PCA128_SVM,7777,FIVES,S000099,FIVES,NORMAL,NORMAL,1,0.2684258321487679,0.07808033949382488,0.6534938283574071
RETFOUND_MAE_CFP_FROZEN_PCA128_SVM,7777,FIVES,S000100,FIVES,NORMAL,NORMAL,1,0.3711968237396363,0.06741669958848207,0.5613864766718815
RETFOUND_MAE_CFP_FROZEN_PCA128_SVM,7777,FIVES,S000101,FIVES,NORMAL,NORMAL,1,0.07872165278205706,0.01630109411983058,0.9049772530981125
RETFOUND_MAE_CFP_FROZEN_PCA128_SVM,7777,FIVES,S000102,FIVES,NORMAL,NORMAL,1,0.01036044775526108,0.006685873939341612,0.9829536783053973
RETFOUND_MAE_CFP_FROZEN_PCA128_SVM,7777,FIVES,S000103,FIVES,NORMAL,NORMAL,1,0.0111649032585036,0.003735378571653696,0.9850997181698425
RETFOUND_MAE_CFP_FROZEN_PCA128_SVM,7777,FIVES,S000104,FIVES,NORMAL,NORMAL,1,0.004112789286377098,0.005134587583274902,0.9907526231303482
RETFOUND_MAE_CFP_FROZEN_PCA128_SVM,7777,FIVES,S000105,FIVES,NORMAL,NORMAL,1,0.006560275623163247,0.019198515344386005,0.9742412090324507
RETFOUND_MAE_CFP_FROZEN_PCA128_SVM,7777,FIVES,S000106,FIVES,NORMAL,NORMAL,1,0.011487915062089814,0.014071565579070659,0.9744405193588396
RETFOUND_MAE_CFP_FROZEN_PCA128_SVM,7777,FIVES,S000107,FIVES,NORMAL,NORMAL,1,0.014515686113618743,0.02863354117424212,0.956850772712139
RETFOUND_MAE_CFP_FROZEN_PCA128_SVM,7777,FIVES,S000108,FIVES,NORMAL,NORMAL,1,0.004863896239127164,0.011257330823592988,0.9838787729372799
RETFOUND_MAE_CFP_FROZEN_PCA128_SVM,7777,FIVES,S000109,FIVES,NORMAL,NORMAL,1,0.003928101108411972,0.011612921452322424,0.9844589774392657
RETFOUND_MAE_CFP_FROZEN_PCA128_SVM,7777,FIVES,S000110,FIVES,NORMAL,NORMAL,1,0.11233633177174397,0.021885711370042592,0.8657779568582135
RETFOUND_MAE_CFP_FROZEN_PCA128_SVM,7777,FIVES,S000111,FIVES,NORMAL,NORMAL,1,0.1561551891365889,0.06380490119605567,0.7800399096673554
RETFOUND_MAE_CFP_FROZEN_PCA128_SVM,7777,FIVES,S000112,FIVES,NORMAL,NORMAL,1,0.08867213213571297,0.04044552991575713,0.8708823379485299
RETFOUND_MAE_CFP_FROZEN_PCA128_SVM,7777,FIVES,S000113,FIVES,NORMAL,NORMAL,1,0.04212821857705161,0.06445195884150677,0.8934198225814414
RETFOUND_MAE_CFP_FROZEN_PCA128_SVM,7777,FIVES,S000114,FIVES,NORMAL,NORMAL,1,0.007600110075873114,0.020769721004470262,0.9716301689196565
RETFOUND_MAE_CFP_FROZEN_PCA128_SVM,7777,FIVES,S000115,FIVES,NORMAL,NORMAL,1,0.010754289129166634,0.021377387691098506,0.9678683231797348
RETFOUND_MAE_CFP_FROZEN_PCA128_SVM,7777,FIVES,S000116,FIVES,NORMAL,NORMAL,1,0.09349695606810875,0.016777079921454715,0.8897259640104368
RETFOUND_MAE_CFP_FROZEN_PCA128_SVM,7777,FIVES,S000117,FIVES,NORMAL,NORMAL,1,0.17733700393893725,0.016840795439443206,0.8058222006216194
RETFOUND_MAE_CFP_FROZEN_PCA128_SVM,7777,FIVES,S000118,FIVES,NORMAL,NORMAL,1,0.019768643850069437,0.02236662476026938,0.9578647313896614
RETFOUND_MAE_CFP_FROZEN_PCA128_SVM,7777,FIVES,S000119,FIVES,NORMAL,NORMAL,1,0.044476153937367306,0.015855337813625407,0.9396685082490074
RETFOUND_MAE_CFP_FROZEN_PCA128_SVM,7777,FIVES,S000120,FIVES,NORMAL,NORMAL,1,0.004524248784240356,0.002939698987653541,0.9925360522281063
RETFOUND_MAE_CFP_FROZEN_PCA128_SVM,7777,FIVES,S000121,FIVES,NORMAL,NORMAL,1,0.007596659198375145,0.005285622863152659,0.987117717938472
RETFOUND_MAE_CFP_FROZEN_PCA128_SVM,7777,FIVES,S000122,FIVES,NORMAL,NORMAL,1,0.0017547581635052752,0.002988172874267413,0.9952570689622274
RETFOUND_MAE_CFP_FROZEN_PCA128_SVM,7777,FIVES,S000123,FIVES,NORMAL,NORMAL,1,0.0039455650252236485,0.0028988897641199344,0.9931555452106562
RETFOUND_MAE_CFP_FROZEN_PCA128_SVM,7777,FIVES,S000124,FIVES,NORMAL,NORMAL,1,0.0033263759366678482,0.01413077249383361,0.9825428515694987
RETFOUND_MAE_CFP_FROZEN_PCA128_SVM,7777,FIVES,S000125,FIVES,NORMAL,NORMAL,1,0.0005310675138941671,0.0055134175672857,0.9939555149188198
RETFOUND_MAE_CFP_FROZEN_PCA128_SVM,7777,FIVES,S000126,FIVES,NORMAL,NORMAL,1,0.24722706828117438,0.02513241319077937,0.7276405185280461
RETFOUND_MAE_CFP_FROZEN_PCA128_SVM,7777,FIVES,S000127,FIVES,NORMAL,NORMAL,1,0.032398827640241844,0.022505711917547293,0.9450954604422108
RETFOUND_MAE_CFP_FROZEN_PCA128_SVM,7777,FIVES,S000128,FIVES,NORMAL,NORMAL,1,0.006087695892507814,0.011557518160439168,0.982354785947053
RETFOUND_MAE_CFP_FROZEN_PCA128_SVM,7777,FIVES,S000129,FIVES,NORMAL,NORMAL,1,0.0034036475904117946,0.006623752173653409,0.989972600235935
RETFOUND_MAE_CFP_FROZEN_PCA128_SVM,7777,FIVES,S000130,FIVES,NORMAL,NORMAL,1,0.07581940764768975,0.020614691661769026,0.903565900690541
RETFOUND_MAE_CFP_FROZEN_PCA128_SVM,7777,FIVES,S000131,FIVES,NORMAL,NORMAL,1,0.0024352042646487424,0.001092186017450748,0.9964726097179005
RETFOUND_MAE_CFP_FROZEN_PCA128_SVM,7777,FIVES,S000132,FIVES,NORMAL,NORMAL,1,0.005752564503337451,0.000525785389715936,0.9937216501069467
RETFOUND_MAE_CFP_FROZEN_PCA128_SVM,7777,FIVES,S000133,FIVES,NORMAL,NORMAL,1,0.016164634270667073,0.004059457559606203,0.9797759081697268
RETFOUND_MAE_CFP_FROZEN_PCA128_SVM,7777,FIVES,S000134,FIVES,NORMAL,NORMAL,1,0.006902797228283032,0.005440906066676483,0.9876562967050404
RETFOUND_MAE_CFP_FROZEN_PCA128_SVM,7777,FIVES,S000135,FIVES,NORMAL,NORMAL,1,0.005868864233241662,0.002300442916015828,0.9918306928507425
RETFOUND_MAE_CFP_FROZEN_PCA128_SVM,7777,FIVES,S000136,FIVES,NORMAL,NORMAL,1,0.012345866836481456,0.0011649282989843782,0.9864892048645341
RETFOUND_MAE_CFP_FROZEN_PCA128_SVM,7777,FIVES,S000137,FIVES,NORMAL,NORMAL,1,0.08518246854637121,0.006065451466801132,0.9087520799868277
RETFOUND_MAE_CFP_FROZEN_PCA128_SVM,7777,FIVES,S000138,FIVES,NORMAL,NORMAL,1,0.009937135477033104,0.005730287913051315,0.9843325766099154
RETFOUND_MAE_CFP_FROZEN_PCA128_SVM,7777,FIVES,S000139,FIVES,NORMAL,NORMAL,1,0.024488875019721905,0.05292910287171266,0.9225820221085653
RETFOUND_MAE_CFP_FROZEN_PCA128_SVM,7777,FIVES,S000140,FIVES,NORMAL,NORMAL,1,0.02086639370441777,0.0012105195202709899,0.9779230867753114
RETFOUND_MAE_CFP_FROZEN_PCA128_SVM,7777,FIVES,S000141,FIVES,NORMAL,NORMAL,1,6.32902997778153e-06,3.4617232374463276e-06,0.9999902092467847
RETFOUND_MAE_CFP_FROZEN_PCA128_SVM,7777,FIVES,S000142,FIVES,NORMAL,NORMAL,1,0.012520588176383643,0.005637711750819453,0.9818417000727969
RETFOUND_MAE_CFP_FROZEN_PCA128_SVM,7777,FIVES,S000143,FIVES,NORMAL,NORMAL,1,0.0043082767358824416,0.00551474161709886,0.9901769816470185
RETFOUND_MAE_CFP_FROZEN_PCA128_SVM,7777,FIVES,S000144,FIVES,NORMAL,NORMAL,1,0.12249395047860345,0.1326261516970751,0.7448798978243213
RETFOUND_MAE_CFP_FROZEN_PCA128_SVM,7777,FIVES,S000145,FIVES,NORMAL,NORMAL,1,0.0259554672874796,0.00757085512595309,0.9664736775865673
RETFOUND_MAE_CFP_FROZEN_PCA128_SVM,7777,FIVES,S000146,FIVES,NORMAL,NORMAL,1,0.035605136743893685,0.0561350648687222,0.908259798387384
RETFOUND_MAE_CFP_FROZEN_PCA128_SVM,7777,FIVES,S000147,FIVES,NORMAL,NORMAL,1,0.010194221760282394,0.018055436028690326,0.9717503422110273
RETFOUND_MAE_CFP_FROZEN_PCA128_SVM,7777,FIVES,S000148,FIVES,NORMAL,NORMAL,1,0.0024045686971082155,0.0021915856362851485,0.9954038456666068
RETFOUND_MAE_CFP_FROZEN_PCA128_SVM,7777,FIVES,S000149,FIVES,NORMAL,NORMAL,1,0.0038797170029056024,0.003310723093651012,0.9928095599034434
RETFOUND_MAE_CFP_FROZEN_PCA128_SVM,7777,FIVES,S000150,FIVES,NORMAL,NORMAL,1,0.011380916754475206,0.028472639812347537,0.9601464434331771
RETFOUND_MAE_CFP_FROZEN_PCA128_SVM,7777,FIVES,S000151,FIVES,NORMAL,NORMAL,1,0.012442089246618063,0.006892348304757194,0.9806655624486248
RETFOUND_MAE_CFP_FROZEN_PCA128_SVM,7777,FIVES,S000152,FIVES,AMD_DRY,AMD_WET,0,0.3261262793774868,0.6718505170350294,0.0020232035874837803
RETFOUND_MAE_CFP_FROZEN_PCA128_SVM,7777,FIVES,S000153,FIVES,AMD_DRY,AMD_DRY,1,0.7414533936001392,0.25337980177883673,0.005166804621023988
RETFOUND_MAE_CFP_FROZEN_PCA128_SVM,7777,FIVES,S000154,FIVES,AMD_DRY,AMD_DRY,1,0.7248591727569837,0.2732632958341534,0.001877531408862857
RETFOUND_MAE_CFP_FROZEN_PCA128_SVM,7777,FIVES,S000155,FIVES,AMD_DRY,AMD_DRY,1,0.8769795783964356,0.1220871516397869,0.000933269963777386
RETFOUND_MAE_CFP_FROZEN_PCA128_SVM,7777,FIVES,S000156,FIVES,AMD_DRY,AMD_DRY,1,0.9630554701583438,0.03405146127436186,0.0028930685672943998
RETFOUND_MAE_CFP_FROZEN_PCA128_SVM,7777,FIVES,S000157,FIVES,AMD_DRY,AMD_WET,0,0.13938423439016387,0.8559914824633307,0.004624283146505534
RETFOUND_MAE_CFP_FROZEN_PCA128_SVM,7777,FIVES,S000158,FIVES,AMD_DRY,AMD_DRY,1,0.8583996487882943,0.1397529949944587,0.001847356217247086
RETFOUND_MAE_CFP_FROZEN_PCA128_SVM,7777,FIVES,S000159,FIVES,AMD_DRY,AMD_DRY,1,0.8339530489785295,0.16236581312926857,0.0036811378922020576
RETFOUND_MAE_CFP_FROZEN_PCA128_SVM,7777,FIVES,S000160,FIVES,AMD_DRY,AMD_DRY,1,0.8300218142847553,0.1579236923099846,0.01205449340526026
RETFOUND_MAE_CFP_FROZEN_PCA128_SVM,7777,FIVES,S000161,FIVES,AMD_DRY,AMD_WET,0,0.15536734171973093,0.8422564320778758,0.002376226202393365
RETFOUND_MAE_CFP_FROZEN_PCA128_SVM,7777,FIVES,S000162,FIVES,AMD_DRY,AMD_DRY,1,0.8555143375800861,0.14165079776103104,0.0028348646588829797
RETFOUND_MAE_CFP_FROZEN_PCA128_SVM,7777,FIVES,S000163,FIVES,AMD_DRY,AMD_DRY,1,0.9270074910982132,0.07140007514434044,0.001592433757446178
RETFOUND_MAE_CFP_FROZEN_PCA128_SVM,7777,FIVES,S000164,FIVES,AMD_DRY,AMD_DRY,1,0.714253702350037,0.27680074260102544,0.008945555048937447
RETFOUND_MAE_CFP_FROZEN_PCA128_SVM,7777,FIVES,S000165,FIVES,AMD_DRY,AMD_DRY,1,0.8871047800489387,0.11113196415778234,0.001763255793278723
RETFOUND_MAE_CFP_FROZEN_PCA128_SVM,7777,FIVES,S000166,FIVES,AMD_DRY,AMD_WET,0,1.6773127211604256e-06,0.9999079005902017,9.042209707715068e-05
RETFOUND_MAE_CFP_FROZEN_PCA128_SVM,7777,FIVES,S000167,FIVES,AMD_WET,AMD_WET,1,0.0022966871731366105,0.9973458693132574,0.0003574435136058615
RETFOUND_MAE_CFP_FROZEN_PCA128_SVM,7777,FIVES,S000168,FIVES,AMD_WET,AMD_WET,1,0.0020547789814658263,0.9973923996677855,0.0005528213507486981
RETFOUND_MAE_CFP_FROZEN_PCA128_SVM,7777,FIVES,S000169,FIVES,AMD_WET,AMD_WET,1,5.0857495190205465e-06,0.9990966301764074,0.0008982840740735014
RETFOUND_MAE_CFP_FROZEN_PCA128_SVM,7777,FIVES,S000170,FIVES,AMD_WET,AMD_WET,1,4.231373946757583e-06,0.9991624024167097,0.0008333662093435014
RETFOUND_MAE_CFP_FROZEN_PCA128_SVM,7777,FIVES,S000171,FIVES,AMD_WET,AMD_WET,1,0.004147005170257377,0.9950423179687534,0.0008106768609891632
RETFOUND_MAE_CFP_FROZEN_PCA128_SVM,7777,FIVES,S000172,FIVES,AMD_WET,AMD_WET,1,0.004300509316776959,0.992615087228141,0.0030844034550818683
RETFOUND_MAE_CFP_FROZEN_PCA128_SVM,7777,FIVES,S000173,FIVES,AMD_WET,AMD_WET,1,0.06656179897011213,0.9133695435050609,0.020068657524827015
RETFOUND_MAE_CFP_FROZEN_PCA128_SVM,7777,FIVES,S000174,FIVES,AMD_WET,AMD_WET,1,0.06150362086582072,0.934887165616282,0.0036092135178971557
RETFOUND_MAE_CFP_FROZEN_PCA128_SVM,7777,FIVES,S000175,FIVES,AMD_WET,AMD_WET,1,0.05690278058104836,0.9415455813815853,0.0015516380373665317
RETFOUND_MAE_CFP_FROZEN_PCA128_SVM,7777,FIVES,S000176,FIVES,AMD_WET,AMD_WET,1,0.021395073625392644,0.9776239624947323,0.0009809638798751583
RETFOUND_MAE_CFP_FROZEN_PCA128_SVM,7777,FIVES,S000177,FIVES,AMD_WET,AMD_WET,1,0.02163692318967932,0.9750896490705304,0.003273427739790515
RETFOUND_MAE_CFP_FROZEN_PCA128_SVM,7777,FIVES,S000178,FIVES,AMD_WET,AMD_WET,1,0.030781015639874395,0.9680381780362616,0.0011808063238639467
RETFOUND_MAE_CFP_FROZEN_PCA128_SVM,7777,FIVES,S000179,FIVES,AMD_WET,AMD_WET,1,0.03969392220341606,0.9565221132555488,0.0037839645410351016
RETFOUND_MAE_CFP_FROZEN_PCA128_SVM,7777,FIVES,S000180,FIVES,AMD_WET,AMD_WET,1,0.007559153933126699,0.9919416031300442,0.0004992429368291176
RETFOUND_MAE_CFP_FROZEN_PCA128_SVM,7777,FIVES,S000181,FIVES,AMD_WET,AMD_WET,1,0.017919342137166547,0.9817562800954102,0.0003243777674230777
RETFOUND_MAE_CFP_FROZEN_PCA128_SVM,7777,FIVES,S000182,FIVES,AMD_WET,AMD_WET,1,0.010521438963064593,0.9891202636601033,0.0003582973768323276
RETFOUND_MAE_CFP_FROZEN_PCA128_SVM,7777,FIVES,S000183,FIVES,AMD_WET,AMD_WET,1,1.1533126489954466e-05,0.9980281550007263,0.001960311872783721
RETFOUND_MAE_CFP_FROZEN_PCA128_SVM,7777,FIVES,S000184,FIVES,AMD_WET,AMD_WET,1,0.0018760434549112048,0.9979858684561185,0.0001380880889703308
RETFOUND_MAE_CFP_FROZEN_PCA128_SVM,7777,FIVES,S000185,FIVES,AMD_WET,AMD_WET,1,0.007041802389409203,0.9923965644439865,0.0005616331666043301
RETFOUND_MAE_CFP_FROZEN_PCA128_SVM,7777,FIVES,S000186,FIVES,AMD_WET,AMD_WET,1,0.0028077145522107743,0.9966177935305184,0.0005744919172708566
RETFOUND_MAE_CFP_FROZEN_PCA128_SVM,7777,FIVES,S000187,FIVES,AMD_WET,AMD_WET,1,0.053954349910489155,0.94474128301825,0.0013043670712610655
RETFOUND_MAE_CFP_FROZEN_PCA128_SVM,7777,FIVES,S000188,FIVES,AMD_WET,AMD_WET,1,0.003793104431040279,0.9960083718605789,0.0001985237083809215
RETFOUND_MAE_CFP_FROZEN_PCA128_SVM,7777,FIVES,S000189,FIVES,AMD_WET,AMD_WET,1,0.022609446614593173,0.9767712812763054,0.0006192721091014652
RETFOUND_MAE_CFP_FROZEN_PCA128_SVM,7777,FIVES,S000190,FIVES,AMD_WET,AMD_WET,1,0.23179263087416835,0.7628360612231796,0.005371307902652186
RETFOUND_MAE_CFP_FROZEN_PCA128_SVM,7777,FIVES,S000191,FIVES,AMD_WET,AMD_WET,1,5.233108114161094e-07,0.9996592387817426,0.0003402379074460458
RETFOUND_MAE_CFP_FROZEN_PCA128_SVM,7777,FIVES,S000192,FIVES,AMD_WET,NORMAL,0,0.33588310991836745,0.197613948420106,0.46650294166152645
RETFOUND_MAE_CFP_FROZEN_PCA128_SVM,7777,FIVES,S000193,FIVES,AMD_WET,AMD_WET,1,0.006054806690631745,0.9913552802622456,0.002589913047122835
RETFOUND_MAE_CFP_FROZEN_PCA128_SVM,7777,FIVES,S000194,FIVES,AMD_WET,AMD_WET,1,0.07194279524768524,0.9208835133874983,0.007173691364816299
RETFOUND_MAE_CFP_FROZEN_PCA128_SVM,7777,FIVES,S000195,FIVES,AMD_WET,AMD_WET,1,6.614593252250859e-07,0.9996398943329736,0.0003594442077010899
RETFOUND_MAE_CFP_FROZEN_PCA128_SVM,7777,FIVES,S000196,FIVES,AMD_WET,AMD_WET,1,3.373284820360904e-06,0.9996158847876373,0.00038074192754219597
RETFOUND_MAE_CFP_FROZEN_PCA128_SVM,7777,FIVES,S000197,FIVES,AMD_WET,AMD_WET,1,5.171884056983331e-07,0.9997605703035538,0.00023891250804042706
RETFOUND_MAE_CFP_FROZEN_PCA128_SVM,7777,FIVES,S000198,FIVES,AMD_WET,AMD_WET,1,0.010639994433658,0.9843716387245198,0.004988366841822032
RETFOUND_MAE_CFP_FROZEN_PCA128_SVM,7777,FIVES,S000199,FIVES,AMD_WET,AMD_WET,1,0.2481633101933439,0.7505809505929392,0.0012557392137168906
RETFOUND_MAE_CFP_FROZEN_PCA128_SVM,7777,FIVES,S000200,FIVES,AMD_WET,AMD_WET,1,0.27213767193610783,0.5671375978120874,0.1607247302518047
RETFOUND_MAE_CFP_FROZEN_PCA128_SVM,7777,FIVES,S000201,FIVES,AMD_WET,AMD_WET,1,5.805524406678777e-07,0.9997346726485713,0.00026474679898815423
RETFOUND_MAE_CFP_FROZEN_PCA128_SVM,7777,FIVES,S000202,FIVES,AMD_WET,AMD_WET,1,0.008951327869427777,0.9887121133776134,0.0023365587529589897
RETFOUND_MAE_CFP_FROZEN_PCA128_SVM,7777,FIVES,S000203,FIVES,AMD_WET,AMD_WET,1,0.00529697606831707,0.9845062872427918,0.01019673668889123
RETFOUND_MAE_CFP_FROZEN_PCA128_SVM,7777,FIVES,S000204,FIVES,AMD_WET,AMD_WET,1,0.006433879441218533,0.9922510529996682,0.0013150675591135064
RETFOUND_MAE_CFP_FROZEN_PCA128_SVM,7777,FIVES,S000205,FIVES,AMD_WET,AMD_WET,1,3.1398913649190123e-06,0.999460067980421,0.0005367921282141015
RETFOUND_MAE_CFP_FROZEN_PCA128_SVM,7777,FIVES,S000207,FIVES,AMD_WET,AMD_WET,1,1.640382449964328e-06,0.9997431029284056,0.0002552566891445089
RETFOUND_MAE_CFP_FROZEN_PCA128_SVM,7777,FIVES,S000208,FIVES,AMD_WET,AMD_WET,1,0.07192184418781632,0.9276022052276897,0.0004759505844939268
RETFOUND_MAE_CFP_FROZEN_PCA128_SVM,7777,FIVES,S000209,FIVES,AMD_WET,AMD_WET,1,0.05534749064729095,0.913397186601926,0.0312553227507832
RETFOUND_MAE_CFP_FROZEN_PCA128_SVM,7777,FIVES,S000210,FIVES,AMD_WET,AMD_WET,1,0.013759323361778349,0.98349100629596,0.0027496703422617845
RETFOUND_MAE_CFP_FROZEN_PCA128_SVM,7777,FIVES,S000211,FIVES,AMD_WET,AMD_WET,1,0.1480747780050608,0.8495512738151525,0.0023739481797865436
RETFOUND_MAE_CFP_FROZEN_PCA128_SVM,7777,FIVES,S000212,FIVES,AMD_WET,AMD_WET,1,0.03323971362121305,0.9639499037690549,0.0028103826097320714
RETFOUND_MAE_CFP_FROZEN_PCA128_SVM,7777,FIVES,S000213,FIVES,AMD_WET,AMD_DRY,0,0.490474408473675,0.3250585682920265,0.1844670232342987
RETFOUND_MAE_CFP_FROZEN_PCA128_SVM,7777,FIVES,S000214,FIVES,AMD_WET,AMD_WET,1,0.058301334315987975,0.9406837149517886,0.0010149507322234168
RETFOUND_MAE_CFP_FROZEN_PCA128_SVM,7777,FIVES,S000215,FIVES,AMD_WET,AMD_WET,1,6.217848682678057e-06,0.9986948903669386,0.0012988917843788459
RETFOUND_MAE_CFP_FROZEN_PCA128_SVM,7777,FIVES,S000216,FIVES,AMD_WET,AMD_WET,1,1.776525891765372e-06,0.9995375079461092,0.0004607155279992577
RETFOUND_MAE_CFP_FROZEN_PCA128_SVM,7777,FIVES,S000217,FIVES,AMD_WET,AMD_WET,1,0.016279550654629965,0.9799777416127056,0.0037427077326644405
RETFOUND_MAE_CFP_FROZEN_PCA128_SVM,7777,FIVES,S000218,FIVES,AMD_WET,NORMAL,0,0.4290322975457995,0.1268002077544881,0.44416749469971223
RETFOUND_MAE_CFP_FROZEN_PCA128_SVM,7777,FIVES,S000220,FIVES,AMD_WET,AMD_WET,1,0.0047690344874629495,0.9947770327260158,0.00045393278652110843
RETFOUND_MAE_CFP_FROZEN_PCA128_SVM,7777,FIVES,S000221,FIVES,AMD_WET,AMD_WET,1,0.03049698057977602,0.9671936214410868,0.0023093979791371983
RETFOUND_MAE_CFP_FROZEN_PCA128_SVM,7777,FIVES,S000222,FIVES,AMD_WET,AMD_WET,1,7.449305501848076e-06,0.998311028924194,0.0016815217703041274
RETFOUND_MAE_CFP_FROZEN_PCA128_SVM,7777,FIVES,S000223,FIVES,AMD_WET,AMD_DRY,0,0.8127914265815266,0.17804780135352574,0.009160772064947708
RETFOUND_MAE_CFP_FROZEN_PCA128_SVM,7777,FIVES,S000224,FIVES,AMD_WET,AMD_WET,1,0.04285444064554797,0.9559040475836118,0.0012415117708402667
RETFOUND_MAE_CFP_FROZEN_PCA128_SVM,7777,FIVES,S000225,FIVES,AMD_WET,AMD_WET,1,0.1834745685907864,0.7878685690527052,0.028656862356508293
RETFOUND_MAE_CFP_FROZEN_PCA128_SVM,7777,FIVES,S000226,FIVES,AMD_WET,AMD_WET,1,0.012815973305368471,0.9863888331826153,0.0007951935120160727
RETFOUND_MAE_CFP_FROZEN_PCA128_SVM,7777,FIVES,S000227,FIVES,AMD_WET,AMD_WET,1,1.7339433119526738e-06,0.9994099004380241,0.0005883656186639683
RETFOUND_MAE_CFP_FROZEN_PCA128_SVM,7777,FIVES,S000228,FIVES,AMD_WET,AMD_WET,1,5.255179552224356e-06,0.9990092258617647,0.000985518958683105
RETFOUND_MAE_CFP_FROZEN_PCA128_SVM,7777,FIVES,S000229,FIVES,AMD_WET,AMD_WET,1,0.004122526951091381,0.9939707095969351,0.0019067634519736444
RETFOUND_MAE_CFP_FROZEN_PCA128_SVM,7777,FIVES,S000230,FIVES,AMD_WET,AMD_WET,1,9.491549300195099e-07,0.9997232133553366,0.00027583748973322226
RETFOUND_MAE_CFP_FROZEN_PCA128_SVM,7777,FIVES,S000231,FIVES,AMD_WET,AMD_DRY,0,0.5732787495816782,0.4215248220363125,0.005196428382009428
RETFOUND_MAE_CFP_FROZEN_PCA128_SVM,7777,FIVES,S000232,FIVES,AMD_WET,AMD_WET,1,0.16134859359048467,0.8346458151045141,0.004005591305001015
RETFOUND_MAE_CFP_FROZEN_PCA128_SVM,7777,FIVES,S000233,FIVES,AMD_WET,AMD_WET,1,0.2676489958995916,0.3698231847684304,0.36252781933197786
RETFOUND_MAE_CFP_FROZEN_PCA128_SVM,7777,FIVES,S000234,FIVES,AMD_WET,AMD_WET,1,0.011739321317821766,0.9778013230224739,0.01045935565970443
RETFOUND_MAE_CFP_FROZEN_PCA128_SVM,7777,FIVES,S000235,FIVES,AMD_WET,AMD_WET,1,3.209817007140777e-06,0.9994226556408442,0.0005741345421486731
RETFOUND_MAE_CFP_FROZEN_PCA128_SVM,7777,FIVES,S000236,FIVES,AMD_WET,AMD_WET,1,0.09281424558491011,0.8996848615668335,0.007500892848256088
RETFOUND_MAE_CFP_FROZEN_PCA128_SVM,7777,FIVES,S000238,FIVES,AMD_WET,AMD_WET,1,0.17103636207140588,0.7618242639892292,0.06713937393936502
RETFOUND_MAE_CFP_FROZEN_PCA128_SVM,7777,ODIR,S000239,ODIR,NORMAL,AMD_DRY,0,0.6334838817619601,0.07182067067021962,0.2946954475678202
RETFOUND_MAE_CFP_FROZEN_PCA128_SVM,7777,ODIR,S000240,ODIR,NORMAL,NORMAL,1,0.242099633581841,0.2941211705945806,0.46377919582357846
RETFOUND_MAE_CFP_FROZEN_PCA128_SVM,7777,ODIR,S000241,ODIR,NORMAL,AMD_DRY,0,0.4004849662808051,0.3057694911188901,0.2937455426003048
RETFOUND_MAE_CFP_FROZEN_PCA128_SVM,7777,ODIR,S000242,ODIR,NORMAL,NORMAL,1,0.1857495241920641,0.14052753261862316,0.6737229431893129
RETFOUND_MAE_CFP_FROZEN_PCA128_SVM,7777,ODIR,S000243,ODIR,NORMAL,AMD_DRY,0,0.9584461229616833,0.019659705317632916,0.021894171720683565
RETFOUND_MAE_CFP_FROZEN_PCA128_SVM,7777,ODIR,S000244,ODIR,NORMAL,NORMAL,1,0.04902017461361588,0.07893429460867096,0.872045530777713
RETFOUND_MAE_CFP_FROZEN_PCA128_SVM,7777,ODIR,S000245,ODIR,NORMAL,NORMAL,1,0.2385661845741402,0.0902890230685418,0.6711447923573179
RETFOUND_MAE_CFP_FROZEN_PCA128_SVM,7777,ODIR,S000246,ODIR,NORMAL,NORMAL,1,0.025743294016686936,0.038692269848973906,0.9355644361343394
RETFOUND_MAE_CFP_FROZEN_PCA128_SVM,7777,ODIR,S000247,ODIR,NORMAL,NORMAL,1,0.03722451673002288,0.14071710994108988,0.8220583733288874
RETFOUND_MAE_CFP_FROZEN_PCA128_SVM,7777,ODIR,S000248,ODIR,NORMAL,NORMAL,1,0.18011412754344608,0.18932647574816383,0.63055939670839
RETFOUND_MAE_CFP_FROZEN_PCA128_SVM,7777,ODIR,S000249,ODIR,NORMAL,NORMAL,1,0.1017399891276427,0.06698044705489603,0.8312795638174614
RETFOUND_MAE_CFP_FROZEN_PCA128_SVM,7777,ODIR,S000250,ODIR,NORMAL,AMD_DRY,0,0.9526717380846921,0.02636236437190432,0.02096589754340364
RETFOUND_MAE_CFP_FROZEN_PCA128_SVM,7777,ODIR,S000251,ODIR,NORMAL,AMD_DRY,0,0.8089936192365648,0.1129342096866423,0.07807217107679279
RETFOUND_MAE_CFP_FROZEN_PCA128_SVM,7777,ODIR,S000252,ODIR,NORMAL,NORMAL,1,0.20625665086112838,0.24232900639527816,0.5514143427435935
RETFOUND_MAE_CFP_FROZEN_PCA128_SVM,7777,ODIR,S000253,ODIR,NORMAL,NORMAL,1,0.10879653886277085,0.12816593366727888,0.76303752746995
RETFOUND_MAE_CFP_FROZEN_PCA128_SVM,7777,ODIR,S000254,ODIR,NORMAL,NORMAL,1,0.14780423135614135,0.19550638828630074,0.656689380357558
RETFOUND_MAE_CFP_FROZEN_PCA128_SVM,7777,ODIR,S000255,ODIR,NORMAL,NORMAL,1,0.39574312881229984,0.19477256688898817,0.40948430429871185
RETFOUND_MAE_CFP_FROZEN_PCA128_SVM,7777,ODIR,S000256,ODIR,NORMAL,NORMAL,1,0.2607925212709279,0.11944040116275287,0.6197670775663191
RETFOUND_MAE_CFP_FROZEN_PCA128_SVM,7777,ODIR,S000257,ODIR,NORMAL,NORMAL,1,0.05144940698066654,0.0376620225564451,0.9108885704628884
RETFOUND_MAE_CFP_FROZEN_PCA128_SVM,7777,ODIR,S000258,ODIR,NORMAL,NORMAL,1,0.23179064016378065,0.3733344322218766,0.3948749276143424
RETFOUND_MAE_CFP_FROZEN_PCA128_SVM,7777,ODIR,S000259,ODIR,NORMAL,NORMAL,1,0.18056742761468075,0.20816779307035596,0.6112647793149633
RETFOUND_MAE_CFP_FROZEN_PCA128_SVM,7777,ODIR,S000260,ODIR,NORMAL,NORMAL,1,0.1863328869053118,0.24828340244411054,0.5653837106505776
RETFOUND_MAE_CFP_FROZEN_PCA128_SVM,7777,ODIR,S000261,ODIR,NORMAL,AMD_DRY,0,0.5733696545383492,0.06449782409985161,0.362132521361799
RETFOUND_MAE_CFP_FROZEN_PCA128_SVM,7777,ODIR,S000262,ODIR,NORMAL,NORMAL,1,0.06048051216081556,0.0357401623095854,0.9037793255295993
RETFOUND_MAE_CFP_FROZEN_PCA128_SVM,7777,ODIR,S000263,ODIR,NORMAL,NORMAL,1,0.06666770647295565,0.0407493429295482,0.8925829505974961
RETFOUND_MAE_CFP_FROZEN_PCA128_SVM,7777,ODIR,S000264,ODIR,NORMAL,NORMAL,1,0.02843825542573961,0.028693001975351073,0.9428687425989093
RETFOUND_MAE_CFP_FROZEN_PCA128_SVM,7777,ODIR,S000265,ODIR,NORMAL,AMD_DRY,0,0.4683228991358364,0.22662013512686888,0.30505696573729446
RETFOUND_MAE_CFP_FROZEN_PCA128_SVM,7777,ODIR,S000266,ODIR,NORMAL,AMD_DRY,0,0.6249017883221197,0.11069989409189056,0.2643983175859897
RETFOUND_MAE_CFP_FROZEN_PCA128_SVM,7777,ODIR,S000267,ODIR,NORMAL,AMD_DRY,0,0.5209191935682124,0.2584690520543177,0.22061175437746994
RETFOUND_MAE_CFP_FROZEN_PCA128_SVM,7777,ODIR,S000268,ODIR,NORMAL,AMD_DRY,0,0.7778917456364055,0.1492248724477411,0.07288338191585331
RETFOUND_MAE_CFP_FROZEN_PCA128_SVM,7777,ODIR,S000269,ODIR,NORMAL,NORMAL,1,0.3614186051847689,0.013652267100334155,0.624929127714897
RETFOUND_MAE_CFP_FROZEN_PCA128_SVM,7777,ODIR,S000270,ODIR,NORMAL,NORMAL,1,0.3661132987355009,0.15848528597933972,0.4754014152851593
RETFOUND_MAE_CFP_FROZEN_PCA128_SVM,7777,ODIR,S000271,ODIR,NORMAL,NORMAL,1,0.19784938774182578,0.13417431175367173,0.6679763005045025
RETFOUND_MAE_CFP_FROZEN_PCA128_SVM,7777,ODIR,S000272,ODIR,NORMAL,AMD_DRY,0,0.5733253901937667,0.13387015072035668,0.29280445908587655
RETFOUND_MAE_CFP_FROZEN_PCA128_SVM,7777,ODIR,S000273,ODIR,NORMAL,NORMAL,1,0.08533454615491591,0.020821020838695276,0.8938444330063887
RETFOUND_MAE_CFP_FROZEN_PCA128_SVM,7777,ODIR,S000274,ODIR,NORMAL,NORMAL,1,0.20395270026431392,0.228053576633443,0.567993723102243
RETFOUND_MAE_CFP_FROZEN_PCA128_SVM,7777,ODIR,S000275,ODIR,NORMAL,NORMAL,1,0.03655844480246853,0.14193083364814127,0.8215107215493902
RETFOUND_MAE_CFP_FROZEN_PCA128_SVM,7777,ODIR,S000276,ODIR,NORMAL,NORMAL,1,0.15384255063728955,0.1118866429308917,0.7342708064318189
RETFOUND_MAE_CFP_FROZEN_PCA128_SVM,7777,ODIR,S000277,ODIR,NORMAL,NORMAL,1,0.21431876319599208,0.05215380255507304,0.733527434248935
RETFOUND_MAE_CFP_FROZEN_PCA128_SVM,7777,ODIR,S000278,ODIR,NORMAL,NORMAL,1,0.18594396229805918,0.15007447188458375,0.6639815658173569
RETFOUND_MAE_CFP_FROZEN_PCA128_SVM,7777,ODIR,S000279,ODIR,NORMAL,NORMAL,1,0.22457248715581712,0.35941266012070505,0.4160148527234777
RETFOUND_MAE_CFP_FROZEN_PCA128_SVM,7777,ODIR,S000280,ODIR,NORMAL,NORMAL,1,0.054906353712913636,0.09679645743423237,0.8482971888528538
RETFOUND_MAE_CFP_FROZEN_PCA128_SVM,7777,ODIR,S000281,ODIR,NORMAL,NORMAL,1,0.2279028310910294,0.16599416647643594,0.6061030024325346
RETFOUND_MAE_CFP_FROZEN_PCA128_SVM,7777,ODIR,S000282,ODIR,NORMAL,NORMAL,1,0.12591815762040895,0.05883497364259411,0.8152468687369968
RETFOUND_MAE_CFP_FROZEN_PCA128_SVM,7777,ODIR,S000283,ODIR,NORMAL,NORMAL,1,0.20572891279874722,0.3402473186243004,0.45402376857695226
RETFOUND_MAE_CFP_FROZEN_PCA128_SVM,7777,ODIR,S000284,ODIR,NORMAL,NORMAL,1,0.36549612534429,0.23102275754670645,0.4034811171090038
RETFOUND_MAE_CFP_FROZEN_PCA128_SVM,7777,ODIR,S000285,ODIR,NORMAL,NORMAL,1,0.20728381654916542,0.2905658036109713,0.5021503798398633
RETFOUND_MAE_CFP_FROZEN_PCA128_SVM,7777,ODIR,S000286,ODIR,NORMAL,NORMAL,1,0.1032164686718259,0.06948420762839198,0.8272993236997821
RETFOUND_MAE_CFP_FROZEN_PCA128_SVM,7777,ODIR,S000287,ODIR,NORMAL,NORMAL,1,0.3154299074646655,0.21589026909662784,0.46867982343870634
RETFOUND_MAE_CFP_FROZEN_PCA128_SVM,7777,ODIR,S000288,ODIR,NORMAL,AMD_WET,0,0.12855523833336074,0.46443435323393173,0.4070104084327074
RETFOUND_MAE_CFP_FROZEN_PCA128_SVM,7777,ODIR,S000289,ODIR,NORMAL,AMD_DRY,0,0.45846207760787744,0.28923749292497364,0.2523004294671491
RETFOUND_MAE_CFP_FROZEN_PCA128_SVM,7777,ODIR,S000290,ODIR,NORMAL,NORMAL,1,0.3046777075119578,0.22870116049176836,0.4666211319962737
RETFOUND_MAE_CFP_FROZEN_PCA128_SVM,7777,ODIR,S000291,ODIR,NORMAL,NORMAL,1,0.16582485290603932,0.3605170180485204,0.4736581290454402
RETFOUND_MAE_CFP_FROZEN_PCA128_SVM,7777,ODIR,S000292,ODIR,NORMAL,NORMAL,1,0.25908679116473354,0.22198869663638804,0.5189245121988783
RETFOUND_MAE_CFP_FROZEN_PCA128_SVM,7777,ODIR,S000293,ODIR,NORMAL,NORMAL,1,0.08626188626181869,0.2220726592062531,0.6916654545319282
RETFOUND_MAE_CFP_FROZEN_PCA128_SVM,7777,ODIR,S000294,ODIR,NORMAL,NORMAL,1,0.06070070233588068,0.08923825501663925,0.85006104264748
RETFOUND_MAE_CFP_FROZEN_PCA128_SVM,7777,ODIR,S000295,ODIR,NORMAL,AMD_DRY,0,0.6504908921598436,0.21146552239840558,0.13804358544175077
RETFOUND_MAE_CFP_FROZEN_PCA128_SVM,7777,ODIR,S000296,ODIR,NORMAL,AMD_WET,0,0.16702624630141777,0.5866952723469018,0.2462784813516803
RETFOUND_MAE_CFP_FROZEN_PCA128_SVM,7777,ODIR,S000297,ODIR,NORMAL,NORMAL,1,0.3745312855054521,0.06614447922993713,0.5593242352646108
RETFOUND_MAE_CFP_FROZEN_PCA128_SVM,7777,ODIR,S000298,ODIR,NORMAL,NORMAL,1,0.38396610913894946,0.20528160456681344,0.4107522862942374
RETFOUND_MAE_CFP_FROZEN_PCA128_SVM,7777,ODIR,S000299,ODIR,NORMAL,NORMAL,1,0.06986428189808301,0.1355797664192917,0.794555951682625
RETFOUND_MAE_CFP_FROZEN_PCA128_SVM,7777,ODIR,S000300,ODIR,NORMAL,AMD_WET,0,0.14087132452523404,0.6319732641093776,0.22715541136538828
RETFOUND_MAE_CFP_FROZEN_PCA128_SVM,7777,ODIR,S000301,ODIR,NORMAL,NORMAL,1,0.08605564759217604,0.05708558247659733,0.8568587699312266
RETFOUND_MAE_CFP_FROZEN_PCA128_SVM,7777,ODIR,S000302,ODIR,NORMAL,NORMAL,1,0.1495413490107409,0.10950260840688071,0.7409560425823783
RETFOUND_MAE_CFP_FROZEN_PCA128_SVM,7777,ODIR,S000303,ODIR,NORMAL,AMD_DRY,0,0.6416679117003209,0.08915417676584905,0.26917791153382997
RETFOUND_MAE_CFP_FROZEN_PCA128_SVM,7777,ODIR,S000304,ODIR,NORMAL,AMD_WET,0,0.4145234654642481,0.4568308874887115,0.12864564704704046
RETFOUND_MAE_CFP_FROZEN_PCA128_SVM,7777,ODIR,S000305,ODIR,NORMAL,NORMAL,1,0.18646034305746575,0.0646738687936747,0.7488657881488593
RETFOUND_MAE_CFP_FROZEN_PCA128_SVM,7777,ODIR,S000306,ODIR,NORMAL,NORMAL,1,0.18244602190178863,0.15941027579490405,0.6581437023033074
RETFOUND_MAE_CFP_FROZEN_PCA128_SVM,7777,ODIR,S000307,ODIR,NORMAL,NORMAL,1,0.1890302586276766,0.1385463888271084,0.672423352545215
RETFOUND_MAE_CFP_FROZEN_PCA128_SVM,7777,ODIR,S000308,ODIR,NORMAL,NORMAL,1,0.17398278934611214,0.20092902446689467,0.6250881861869927
RETFOUND_MAE_CFP_FROZEN_PCA128_SVM,7777,ODIR,S000309,ODIR,NORMAL,NORMAL,1,0.19555411163217679,0.1262972618377322,0.6781486265300909
RETFOUND_MAE_CFP_FROZEN_PCA128_SVM,7777,ODIR,S000310,ODIR,NORMAL,NORMAL,1,0.01977528998631012,0.06581890153150767,0.9144058084821822
RETFOUND_MAE_CFP_FROZEN_PCA128_SVM,7777,ODIR,S000311,ODIR,NORMAL,NORMAL,1,0.20413869678140936,0.21062572734580148,0.5852355758727888
RETFOUND_MAE_CFP_FROZEN_PCA128_SVM,7777,ODIR,S000312,ODIR,NORMAL,AMD_WET,0,0.13805928088374225,0.4415803183064787,0.4203604008097791
RETFOUND_MAE_CFP_FROZEN_PCA128_SVM,7777,ODIR,S000313,ODIR,NORMAL,AMD_WET,0,0.22446521537800823,0.4530257914519752,0.32250899317001647
RETFOUND_MAE_CFP_FROZEN_PCA128_SVM,7777,ODIR,S000314,ODIR,NORMAL,AMD_WET,0,0.19875042118408798,0.4276473969284982,0.3736021818874138
RETFOUND_MAE_CFP_FROZEN_PCA128_SVM,7777,ODIR,S000315,ODIR,NORMAL,AMD_DRY,0,0.8669072429849435,0.07623901004213059,0.05685374697292565
RETFOUND_MAE_CFP_FROZEN_PCA128_SVM,7777,ODIR,S000316,ODIR,NORMAL,NORMAL,1,0.1700702189577018,0.2189213074509937,0.6110084735913043
RETFOUND_MAE_CFP_FROZEN_PCA128_SVM,7777,ODIR,S000317,ODIR,NORMAL,NORMAL,1,0.08164572791410339,0.04313008385470801,0.8752241882311883
RETFOUND_MAE_CFP_FROZEN_PCA128_SVM,7777,ODIR,S000318,ODIR,NORMAL,NORMAL,1,0.3442456871494978,0.076900374176237,0.578853938674265
RETFOUND_MAE_CFP_FROZEN_PCA128_SVM,7777,ODIR,S000319,ODIR,NORMAL,NORMAL,1,0.32537179861029386,0.1131871698036122,0.5614410315860938
RETFOUND_MAE_CFP_FROZEN_PCA128_SVM,7777,ODIR,S000320,ODIR,NORMAL,NORMAL,1,0.14928788159344575,0.14888784351257858,0.7018242748939753
RETFOUND_MAE_CFP_FROZEN_PCA128_SVM,7777,ODIR,S000321,ODIR,NORMAL,AMD_WET,0,0.17687045783581798,0.48854164539230494,0.3345878967718767
RETFOUND_MAE_CFP_FROZEN_PCA128_SVM,7777,ODIR,S000322,ODIR,NORMAL,AMD_WET,0,0.14243783609248623,0.5822609135976442,0.27530125030986974
RETFOUND_MAE_CFP_FROZEN_PCA128_SVM,7777,ODIR,S000323,ODIR,NORMAL,AMD_WET,0,0.14575833260921717,0.6248924478797976,0.22934921951098514
RETFOUND_MAE_CFP_FROZEN_PCA128_SVM,7777,ODIR,S000324,ODIR,NORMAL,AMD_WET,0,0.17046924769376748,0.6896729875381136,0.13985776476811895
RETFOUND_MAE_CFP_FROZEN_PCA128_SVM,7777,ODIR,S000325,ODIR,NORMAL,NORMAL,1,0.05538383893674339,0.01965416834619043,0.9249619927170661
RETFOUND_MAE_CFP_FROZEN_PCA128_SVM,7777,ODIR,S000326,ODIR,NORMAL,NORMAL,1,0.12436144397774165,0.032285741112946284,0.843352814909312
RETFOUND_MAE_CFP_FROZEN_PCA128_SVM,7777,ODIR,S000327,ODIR,NORMAL,NORMAL,1,0.10966890913855054,0.14150928292633486,0.7488218079351144
RETFOUND_MAE_CFP_FROZEN_PCA128_SVM,7777,ODIR,S000328,ODIR,NORMAL,NORMAL,1,0.05716862761604407,0.07899298283596141,0.8638383895479949
RETFOUND_MAE_CFP_FROZEN_PCA128_SVM,7777,ODIR,S000329,ODIR,NORMAL,AMD_DRY,0,0.5348015820374357,0.31730872320003217,0.14788969476253214
RETFOUND_MAE_CFP_FROZEN_PCA128_SVM,7777,ODIR,S000330,ODIR,NORMAL,AMD_DRY,0,0.6985558562449685,0.19460169299827215,0.1068424507567593
RETFOUND_MAE_CFP_FROZEN_PCA128_SVM,7777,ODIR,S000331,ODIR,NORMAL,AMD_DRY,0,0.6258503575276664,0.22118902223582734,0.1529606202365062
RETFOUND_MAE_CFP_FROZEN_PCA128_SVM,7777,ODIR,S000332,ODIR,NORMAL,AMD_DRY,0,0.4314098020882762,0.2777817678840884,0.2908084300276351
RETFOUND_MAE_CFP_FROZEN_PCA128_SVM,7777,ODIR,S000333,ODIR,NORMAL,NORMAL,1,0.2735013261058975,0.03615432578527557,0.6903443481088269
RETFOUND_MAE_CFP_FROZEN_PCA128_SVM,7777,ODIR,S000334,ODIR,NORMAL,NORMAL,1,0.11629013849281641,0.04152120868656928,0.8421886528206142
RETFOUND_MAE_CFP_FROZEN_PCA128_SVM,7777,ODIR,S000335,ODIR,NORMAL,AMD_DRY,0,0.44249805513762647,0.3127039804466889,0.24479796441568458
RETFOUND_MAE_CFP_FROZEN_PCA128_SVM,7777,ODIR,S000336,ODIR,NORMAL,AMD_WET,0,0.27795931178368044,0.3790475039833614,0.342993184232958
RETFOUND_MAE_CFP_FROZEN_PCA128_SVM,7777,ODIR,S000337,ODIR,NORMAL,AMD_WET,0,0.3191934780916907,0.5283784754952627,0.15242804641304653
RETFOUND_MAE_CFP_FROZEN_PCA128_SVM,7777,ODIR,S000338,ODIR,NORMAL,AMD_WET,0,0.3012396980540483,0.5990567416919315,0.09970356025402007
RETFOUND_MAE_CFP_FROZEN_PCA128_SVM,7777,ODIR,S000339,ODIR,NORMAL,NORMAL,1,0.028471132362120403,0.04457125248550825,0.9269576151523715
RETFOUND_MAE_CFP_FROZEN_PCA128_SVM,7777,ODIR,S000340,ODIR,NORMAL,NORMAL,1,0.07147799778083608,0.10518850186698543,0.8233335003521782
RETFOUND_MAE_CFP_FROZEN_PCA128_SVM,7777,ODIR,S000341,ODIR,NORMAL,NORMAL,1,0.1926364826880574,0.2676730051410947,0.5396905121708478
RETFOUND_MAE_CFP_FROZEN_PCA128_SVM,7777,ODIR,S000342,ODIR,NORMAL,NORMAL,1,0.11244037058504,0.28103231937653445,0.6065273100384255
RETFOUND_MAE_CFP_FROZEN_PCA128_SVM,7777,ODIR,S000343,ODIR,NORMAL,NORMAL,1,0.026403710191234032,0.01264859849913564,0.9609476913096302
RETFOUND_MAE_CFP_FROZEN_PCA128_SVM,7777,ODIR,S000344,ODIR,NORMAL,NORMAL,1,0.03404708195821702,0.02740178724120835,0.9385511308005746
RETFOUND_MAE_CFP_FROZEN_PCA128_SVM,7777,ODIR,S000345,ODIR,NORMAL,NORMAL,1,0.13216428303743324,0.05907827093198013,0.8087574460305865
RETFOUND_MAE_CFP_FROZEN_PCA128_SVM,7777,ODIR,S000346,ODIR,NORMAL,NORMAL,1,0.08585058333102512,0.1215157391032797,0.7926336775656952
RETFOUND_MAE_CFP_FROZEN_PCA128_SVM,7777,ODIR,S000347,ODIR,NORMAL,NORMAL,1,0.1285429539282935,0.20183546100531813,0.6696215850663887
RETFOUND_MAE_CFP_FROZEN_PCA128_SVM,7777,ODIR,S000348,ODIR,NORMAL,AMD_DRY,0,0.8692673183129188,0.06787757738088608,0.06285510430619516
RETFOUND_MAE_CFP_FROZEN_PCA128_SVM,7777,ODIR,S000349,ODIR,NORMAL,AMD_DRY,0,0.5500607478125683,0.2366919783636435,0.21324727382378822
RETFOUND_MAE_CFP_FROZEN_PCA128_SVM,7777,ODIR,S000350,ODIR,NORMAL,NORMAL,1,0.10609010632262963,0.12668821317442883,0.7672216805029415
RETFOUND_MAE_CFP_FROZEN_PCA128_SVM,7777,ODIR,S000351,ODIR,NORMAL,NORMAL,1,0.34149770795819817,0.13637792649981204,0.5221243655419897
RETFOUND_MAE_CFP_FROZEN_PCA128_SVM,7777,ODIR,S000352,ODIR,NORMAL,AMD_WET,0,0.12037822987651796,0.7261568997587617,0.1534648703647201
RETFOUND_MAE_CFP_FROZEN_PCA128_SVM,7777,ODIR,S000353,ODIR,NORMAL,AMD_WET,0,0.3329473793697781,0.5172900499574248,0.14976257067279733
RETFOUND_MAE_CFP_FROZEN_PCA128_SVM,7777,ODIR,S000354,ODIR,NORMAL,NORMAL,1,0.10070625992447921,0.06990660089112308,0.8293871391843979
RETFOUND_MAE_CFP_FROZEN_PCA128_SVM,7777,ODIR,S000355,ODIR,NORMAL,NORMAL,1,0.06514172116609471,0.1481370110937394,0.7867212677401657
RETFOUND_MAE_CFP_FROZEN_PCA128_SVM,7777,ODIR,S000356,ODIR,NORMAL,NORMAL,1,0.3320453777389137,0.0864211464178165,0.5815334758432695
RETFOUND_MAE_CFP_FROZEN_PCA128_SVM,7777,ODIR,S000357,ODIR,NORMAL,NORMAL,1,0.35300681408801177,0.14132389330167133,0.5056692926103168
RETFOUND_MAE_CFP_FROZEN_PCA128_SVM,7777,ODIR,S000358,ODIR,NORMAL,NORMAL,1,0.40494232804237135,0.07202143245810995,0.5230362394995186
RETFOUND_MAE_CFP_FROZEN_PCA128_SVM,7777,ODIR,S000359,ODIR,NORMAL,NORMAL,1,0.2641263011366012,0.09855069315834383,0.637323005705055
RETFOUND_MAE_CFP_FROZEN_PCA128_SVM,7777,ODIR,S000360,ODIR,NORMAL,NORMAL,1,0.04081701643154603,0.04535491978147171,0.9138280637869822
RETFOUND_MAE_CFP_FROZEN_PCA128_SVM,7777,ODIR,S000361,ODIR,NORMAL,NORMAL,1,0.08948523517625616,0.08212632200598133,0.8283884428177626
RETFOUND_MAE_CFP_FROZEN_PCA128_SVM,7777,ODIR,S000362,ODIR,NORMAL,AMD_DRY,0,0.4285970647352907,0.17055403252191925,0.4008489027427898
RETFOUND_MAE_CFP_FROZEN_PCA128_SVM,7777,ODIR,S000363,ODIR,NORMAL,NORMAL,1,0.09568890680948447,0.30337242347156607,0.6009386697189492
RETFOUND_MAE_CFP_FROZEN_PCA128_SVM,7777,ODIR,S000364,ODIR,AMD_DRY,AMD_WET,0,0.17404315316939706,0.823451527891583,0.0025053189390198786
RETFOUND_MAE_CFP_FROZEN_PCA128_SVM,7777,ODIR,S000365,ODIR,AMD_DRY,AMD_WET,0,0.25386841873739646,0.7440662931863137,0.002065288076289695
RETFOUND_MAE_CFP_FROZEN_PCA128_SVM,7777,ODIR,S000366,ODIR,AMD_DRY,AMD_WET,0,0.13828854801705237,0.5240991126566601,0.3376123393262874
RETFOUND_MAE_CFP_FROZEN_PCA128_SVM,7777,ODIR,S000367,ODIR,AMD_DRY,AMD_WET,0,0.11893220975501723,0.8694419018273108,0.011625888417671891
RETFOUND_MAE_CFP_FROZEN_PCA128_SVM,7777,ODIR,S000368,ODIR,AMD_DRY,AMD_DRY,1,0.7151902473633931,0.07871636791762225,0.20609338471898445
RETFOUND_MAE_CFP_FROZEN_PCA128_SVM,7777,ODIR,S000369,ODIR,AMD_DRY,AMD_WET,0,0.20553784764797625,0.7201212494759976,0.074340902876026
RETFOUND_MAE_CFP_FROZEN_PCA128_SVM,7777,ODIR,S000370,ODIR,AMD_DRY,AMD_WET,0,0.10587220472389913,0.7764140295540115,0.11771376572208951
RETFOUND_MAE_CFP_FROZEN_PCA128_SVM,7777,ODIR,S000371,ODIR,AMD_DRY,AMD_DRY,1,0.7497519885271051,0.19309983518359722,0.05714817628929779
RETFOUND_MAE_CFP_FROZEN_PCA128_SVM,7777,ODIR,S000372,ODIR,AMD_DRY,AMD_DRY,1,0.789410337746387,0.11411371884298765,0.09647594341062517
RETFOUND_MAE_CFP_FROZEN_PCA128_SVM,7777,ODIR,S000373,ODIR,AMD_DRY,AMD_WET,0,0.05200408974756217,0.9084615129844563,0.039534397267981705
RETFOUND_MAE_CFP_FROZEN_PCA128_SVM,7777,ODIR,S000374,ODIR,AMD_DRY,AMD_WET,0,0.18702360718310068,0.789443115807826,0.023533277009073265
RETFOUND_MAE_CFP_FROZEN_PCA128_SVM,7777,ODIR,S000375,ODIR,AMD_DRY,AMD_DRY,1,0.8377588764412198,0.14596831073916075,0.016272812819619484
RETFOUND_MAE_CFP_FROZEN_PCA128_SVM,7777,ODIR,S000376,ODIR,AMD_DRY,AMD_DRY,1,0.8937286124043547,0.06491934778292877,0.04135203981271649
RETFOUND_MAE_CFP_FROZEN_PCA128_SVM,7777,ODIR,S000377,ODIR,AMD_DRY,AMD_WET,0,0.2192653837719533,0.7336129851318796,0.04712163109616713
RETFOUND_MAE_CFP_FROZEN_PCA128_SVM,7777,ODIR,S000378,ODIR,AMD_DRY,AMD_WET,0,0.10659017508343868,0.7575094271896081,0.13590039772695345
RETFOUND_MAE_CFP_FROZEN_PCA128_SVM,7777,ODIR,S000379,ODIR,AMD_DRY,AMD_WET,0,0.007258859238796009,0.9847886860929772,0.007952454668226677
RETFOUND_MAE_CFP_FROZEN_PCA128_SVM,7777,ODIR,S000380,ODIR,AMD_DRY,AMD_WET,0,0.3756983452415893,0.6226574565967063,0.0016441981617042146
RETFOUND_MAE_CFP_FROZEN_PCA128_SVM,7777,ODIR,S000381,ODIR,AMD_DRY,AMD_DRY,1,0.9510961229305034,0.047528913751637404,0.0013749633178593292
RETFOUND_MAE_CFP_FROZEN_PCA128_SVM,7777,ODIR,S000382,ODIR,AMD_DRY,AMD_WET,0,0.07064445623228341,0.9180544938424713,0.011301049925245507
RETFOUND_MAE_CFP_FROZEN_PCA128_SVM,7777,ODIR,S000383,ODIR,AMD_DRY,AMD_WET,0,0.15362766077388648,0.7023571605147693,0.1440151787113443
RETFOUND_MAE_CFP_FROZEN_PCA128_SVM,7777,ODIR,S000384,ODIR,AMD_DRY,AMD_WET,0,0.22536008344665973,0.522354173552786,0.25228574300055456
RETFOUND_MAE_CFP_FROZEN_PCA128_SVM,7777,ODIR,S000385,ODIR,AMD_DRY,AMD_DRY,1,0.9253214426768394,0.06929331337503958,0.005385243948121356
RETFOUND_MAE_CFP_FROZEN_PCA128_SVM,7777,ODIR,S000386,ODIR,AMD_DRY,AMD_WET,0,0.41754510785189863,0.5690027306240975,0.01345216152400401
RETFOUND_MAE_CFP_FROZEN_PCA128_SVM,7777,ODIR,S000387,ODIR,AMD_DRY,AMD_WET,0,0.19036398843100052,0.7942148463159533,0.015421165253046055
RETFOUND_MAE_CFP_FROZEN_PCA128_SVM,7777,ODIR,S000388,ODIR,AMD_DRY,AMD_WET,0,0.10940003621627749,0.8705827420875866,0.020017221696135724
RETFOUND_MAE_CFP_FROZEN_PCA128_SVM,7777,ODIR,S000389,ODIR,AMD_DRY,AMD_DRY,1,0.8281112933731137,0.09562412915392259,0.07626457747296381
RETFOUND_MAE_CFP_FROZEN_PCA128_SVM,7777,ODIR,S000390,ODIR,AMD_DRY,AMD_WET,0,0.2334191273897831,0.7409643861074704,0.02561648650274679
RETFOUND_MAE_CFP_FROZEN_PCA128_SVM,7777,ODIR,S000391,ODIR,AMD_DRY,AMD_WET,0,0.24015318319889178,0.6631960871354414,0.09665072966566703
RETFOUND_MAE_CFP_FROZEN_PCA128_SVM,7777,ODIR,S000392,ODIR,AMD_DRY,AMD_DRY,1,0.8429811128934256,0.15228606085217128,0.0047328262544033325
RETFOUND_MAE_CFP_FROZEN_PCA128_SVM,7777,ODIR,S000393,ODIR,AMD_DRY,AMD_WET,0,0.23774622419451943,0.7487539354997659,0.013499840305714753
RETFOUND_MAE_CFP_FROZEN_PCA128_SVM,7777,ODIR,S000394,ODIR,AMD_DRY,AMD_WET,0,0.39439942292004376,0.5955075754778758,0.010093001602080412
RETFOUND_MAE_CFP_FROZEN_PCA128_SVM,7777,ODIR,S000395,ODIR,AMD_DRY,AMD_WET,0,0.11749924049225524,0.8623775397281103,0.020123219779634494
RETFOUND_MAE_CFP_FROZEN_PCA128_SVM,7777,ODIR,S000396,ODIR,AMD_DRY,AMD_DRY,1,0.5007050498594943,0.4858356458384645,0.013459304302041043
RETFOUND_MAE_CFP_FROZEN_PCA128_SVM,7777,ODIR,S000397,ODIR,AMD_DRY,AMD_DRY,1,0.5132550789837895,0.4764889772067315,0.010255943809478883
RETFOUND_MAE_CFP_FROZEN_PCA128_SVM,7777,ODIR,S000398,ODIR,AMD_DRY,AMD_DRY,1,0.9604209418097982,0.034371841662738316,0.005207216527463446
RETFOUND_MAE_CFP_FROZEN_PCA128_SVM,7777,ODIR,S000399,ODIR,AMD_DRY,AMD_WET,0,9.511334279445022e-07,0.99965784451924,0.00034120434733199125
RETFOUND_MAE_CFP_FROZEN_PCA128_SVM,7777,ODIR,S000400,ODIR,AMD_DRY,AMD_WET,0,0.003270987128899965,0.9948678541271911,0.0018611587439086895
RETFOUND_MAE_CFP_FROZEN_PCA128_SVM,7777,ODIR,S000401,ODIR,AMD_DRY,AMD_DRY,1,0.93102502910736,0.05632409800447906,0.012650872888161175
RETFOUND_MAE_CFP_FROZEN_PCA128_SVM,7777,ODIR,S000402,ODIR,AMD_DRY,AMD_DRY,1,0.8946909496339666,0.09172940843077634,0.013579641935257167
RETFOUND_MAE_CFP_FROZEN_PCA128_SVM,7777,ODIR,S000403,ODIR,AMD_DRY,AMD_DRY,1,0.7136512872941618,0.25963515778595975,0.026713554919878854
RETFOUND_MAE_CFP_FROZEN_PCA128_SVM,7777,ODIR,S000404,ODIR,AMD_DRY,AMD_WET,0,0.2016038128524969,0.7764651594201045,0.021931027727398456
RETFOUND_MAE_CFP_FROZEN_PCA128_SVM,7777,ODIR,S000405,ODIR,AMD_DRY,AMD_DRY,1,0.8644226448729087,0.11326347131696078,0.022313883810130532
RETFOUND_MAE_CFP_FROZEN_PCA128_SVM,7777,ODIR,S000406,ODIR,AMD_DRY,AMD_DRY,1,0.7539943825403008,0.2099896832949454,0.03601593416475389
RETFOUND_MAE_CFP_FROZEN_PCA128_SVM,7777,ODIR,S000407,ODIR,AMD_DRY,AMD_WET,0,0.008625620217836718,0.9892735537574487,0.0021008260247146393
RETFOUND_MAE_CFP_FROZEN_PCA128_SVM,7777,ODIR,S000408,ODIR,AMD_DRY,AMD_WET,0,0.26304751363327805,0.46357495293077156,0.27337753343595056
RETFOUND_MAE_CFP_FROZEN_PCA128_SVM,7777,ODIR,S000409,ODIR,AMD_DRY,AMD_DRY,1,0.6900871060140347,0.29160517297553745,0.018307721010428046
RETFOUND_MAE_CFP_FROZEN_PCA128_SVM,7777,ODIR,S000410,ODIR,AMD_DRY,AMD_WET,0,0.4639377897316635,0.4819722498138701,0.05408996045446608
RETFOUND_MAE_CFP_FROZEN_PCA128_SVM,7777,ODIR,S000411,ODIR,AMD_DRY,AMD_WET,0,0.04012813210387557,0.9429930901701797,0.016878777725944837
RETFOUND_MAE_CFP_FROZEN_PCA128_SVM,7777,ODIR,S000412,ODIR,AMD_DRY,AMD_WET,0,0.4161377525526605,0.5189155070024533,0.06494674044488617
RETFOUND_MAE_CFP_FROZEN_PCA128_SVM,7777,ODIR,S000413,ODIR,AMD_DRY,NORMAL,0,0.30165681849306675,0.33839955646703473,0.35994362503989813
RETFOUND_MAE_CFP_FROZEN_PCA128_SVM,7777,ODIR,S000414,ODIR,AMD_DRY,AMD_WET,0,0.10398808232626068,0.8895103680436715,0.006501549630067852
RETFOUND_MAE_CFP_FROZEN_PCA128_SVM,7777,ODIR,S000415,ODIR,AMD_DRY,AMD_WET,0,0.43287100035184933,0.5375306390627644,0.029598360585386268
RETFOUND_MAE_CFP_FROZEN_PCA128_SVM,7777,ODIR,S000416,ODIR,AMD_DRY,AMD_WET,0,0.1448403140353779,0.6155580282832185,0.23960165768140382
RETFOUND_MAE_CFP_FROZEN_PCA128_SVM,7777,ODIR,S000417,ODIR,AMD_DRY,AMD_DRY,1,0.7921623682485495,0.20103590304150917,0.006801728709941296
RETFOUND_MAE_CFP_FROZEN_PCA128_SVM,7777,ODIR,S000418,ODIR,AMD_DRY,AMD_WET,0,0.03166337508642695,0.9658778338860792,0.002458791027494087
RETFOUND_MAE_CFP_FROZEN_PCA128_SVM,7777,ODIR,S000419,ODIR,AMD_DRY,AMD_DRY,1,0.7914971889379483,0.19191863050565222,0.01658418055639927
RETFOUND_MAE_CFP_FROZEN_PCA128_SVM,7777,ODIR,S000420,ODIR,AMD_DRY,AMD_DRY,1,0.4771886787097284,0.445946575182164,0.07686474610810762
RETFOUND_MAE_CFP_FROZEN_PCA128_SVM,7777,ODIR,S000421,ODIR,AMD_DRY,AMD_WET,0,0.11441739090022905,0.8657125078982166,0.01987010120155457
RETFOUND_MAE_CFP_FROZEN_PCA128_SVM,7777,ODIR,S000422,ODIR,AMD_DRY,AMD_WET,0,0.15716876061924986,0.8100893109676159,0.03274192841313434
RETFOUND_MAE_CFP_FROZEN_PCA128_SVM,7777,ODIR,S000423,ODIR,AMD_DRY,AMD_WET,0,0.004044970070132314,0.9917422335628514,0.0042127963670164
RETFOUND_MAE_CFP_FROZEN_PCA128_SVM,7777,ODIR,S000424,ODIR,AMD_DRY,NORMAL,0,0.11654133004088466,0.15703280494241395,0.7264258650167014
RETFOUND_MAE_CFP_FROZEN_PCA128_SVM,7777,ODIR,S000425,ODIR,AMD_DRY,AMD_DRY,1,0.9049655091905519,0.08217774627175381,0.012856744537694328
RETFOUND_MAE_CFP_FROZEN_PCA128_SVM,7777,ODIR,S000426,ODIR,AMD_DRY,AMD_WET,0,0.14102784232743254,0.7608406495591881,0.09813150811337944
RETFOUND_MAE_CFP_FROZEN_PCA128_SVM,7777,ODIR,S000427,ODIR,AMD_DRY,AMD_WET,0,0.08351290428240911,0.8484999245390175,0.06798717117857353
RETFOUND_MAE_CFP_FROZEN_PCA128_SVM,7777,ODIR,S000428,ODIR,AMD_DRY,NORMAL,0,0.4064661518042383,0.08361838142270726,0.5099154667730544
RETFOUND_MAE_CFP_FROZEN_PCA128_SVM,7777,ODIR,S000429,ODIR,AMD_DRY,AMD_DRY,1,0.6538232747060662,0.3426679407821206,0.003508784511813318
RETFOUND_MAE_CFP_FROZEN_PCA128_SVM,7777,ODIR,S000430,ODIR,AMD_DRY,AMD_WET,0,0.1008364256124074,0.895441476314257,0.0037220980733356254
RETFOUND_MAE_CFP_FROZEN_PCA128_SVM,7777,ODIR,S000431,ODIR,AMD_DRY,AMD_DRY,1,0.9535038175065962,0.04141567578862522,0.005080506704778633
RETFOUND_MAE_CFP_FROZEN_PCA128_SVM,7777,ODIR,S000432,ODIR,AMD_DRY,AMD_DRY,1,0.9154601960969091,0.05049701198462683,0.03404279191846398
RETFOUND_MAE_CFP_FROZEN_PCA128_SVM,7777,ODIR,S000433,ODIR,AMD_DRY,AMD_DRY,1,0.8604960081293516,0.12955638662581548,0.009947605244832942
RETFOUND_MAE_CFP_FROZEN_PCA128_SVM,7777,ODIR,S000434,ODIR,AMD_DRY,AMD_DRY,1,0.48942623136297936,0.4782476250864815,0.03232614355053915
RETFOUND_MAE_CFP_FROZEN_PCA128_SVM,7777,ODIR,S000435,ODIR,AMD_DRY,AMD_DRY,1,0.5152154976639033,0.4650370800365145,0.019747422299582193
RETFOUND_MAE_CFP_FROZEN_PCA128_SVM,7777,ODIR,S000436,ODIR,AMD_DRY,AMD_WET,0,0.13802817362656083,0.8492637609223845,0.012708065451054648
RETFOUND_MAE_CFP_FROZEN_PCA128_SVM,7777,ODIR,S000437,ODIR,AMD_DRY,AMD_WET,0,0.13200064556775087,0.7401644273678918,0.1278349270643572
RETFOUND_MAE_CFP_FROZEN_PCA128_SVM,7777,ODIR,S000438,ODIR,AMD_DRY,AMD_WET,0,0.06441845818583591,0.8825617809538474,0.053019760860316595
RETFOUND_MAE_CFP_FROZEN_PCA128_SVM,7777,ODIR,S000439,ODIR,AMD_DRY,AMD_WET,0,0.04161933642707652,0.9342100371445966,0.024170626428326878
RETFOUND_MAE_CFP_FROZEN_PCA128_SVM,7777,ODIR,S000440,ODIR,AMD_DRY,NORMAL,0,0.20676251886542873,0.17248844926371018,0.6207490318708612
RETFOUND_MAE_CFP_FROZEN_PCA128_SVM,7777,ODIR,S000441,ODIR,AMD_DRY,AMD_DRY,1,0.6705552826494943,0.315022303245322,0.014422414105183773
RETFOUND_MAE_CFP_FROZEN_PCA128_SVM,7777,ODIR,S000442,ODIR,AMD_DRY,NORMAL,0,0.34644568800485614,0.2534264795941768,0.40012783240096716
RETFOUND_MAE_CFP_FROZEN_PCA128_SVM,7777,ODIR,S000443,ODIR,AMD_DRY,AMD_WET,0,0.16091576617223632,0.8337091437026833,0.005375090125080264
RETFOUND_MAE_CFP_FROZEN_PCA128_SVM,7777,ODIR,S000444,ODIR,AMD_DRY,NORMAL,0,0.36801435187251186,0.2502352569254929,0.3817503912019954
RETFOUND_MAE_CFP_FROZEN_PCA128_SVM,7777,ODIR,S000445,ODIR,AMD_WET,AMD_DRY,0,0.7591255936236538,0.23957138427270278,0.0013030221036433932
RETFOUND_MAE_CFP_FROZEN_PCA128_SVM,7777,ODIR,S000446,ODIR,AMD_WET,AMD_WET,1,0.07435687111757949,0.9133749504611078,0.012268178421312606
RETFOUND_MAE_CFP_FROZEN_PCA128_SVM,7777,ODIR,S000447,ODIR,AMD_WET,AMD_WET,1,0.017726230994640477,0.98039480423171,0.0018789647736492895
RETFOUND_MAE_CFP_FROZEN_PCA128_SVM,7777,ODIR,S000448,ODIR,AMD_WET,AMD_WET,1,1.3093262149753361e-06,0.999455790878388,0.0005428997953971626
RETFOUND_MAE_CFP_FROZEN_PCA128_SVM,7777,ODIR,S000449,ODIR,AMD_WET,AMD_WET,1,0.05480280212807475,0.9402347980360644,0.004962399835860976
RETFOUND_MAE_CFP_FROZEN_PCA128_SVM,7777,ODIR,S000450,ODIR,AMD_WET,AMD_WET,1,0.0022543327587425323,0.9956620392775253,0.0020836279637323715
RETFOUND_MAE_CFP_FROZEN_PCA128_SVM,7777,ODIR,S000451,ODIR,AMD_WET,AMD_WET,1,0.01836977414055651,0.9577787491287018,0.023851476730741592
RETFOUND_MAE_CFP_FROZEN_PCA128_SVM,7777,ODIR,S000452,ODIR,AMD_WET,AMD_WET,1,0.1154384792642294,0.4580831148233078,0.4264784059124628
RETFOUND_MAE_CFP_FROZEN_PCA128_SVM,7777,ODIR,S000453,ODIR,AMD_WET,AMD_WET,1,0.042459718952356285,0.9559380288109831,0.001602252236660786
RETFOUND_MAE_CFP_FROZEN_PCA128_SVM,7777,ODIR,S000454,ODIR,AMD_WET,AMD_WET,1,0.00605096956339855,0.9906187027140069,0.0033303277225947532
RETFOUND_MAE_CFP_FROZEN_PCA128_SVM,7777,ODIR,S000455,ODIR,AMD_WET,AMD_WET,1,0.025288356904220703,0.9708107871306205,0.0039008559651588373
RETFOUND_MAE_CFP_FROZEN_PCA128_SVM,7777,ODIR,S000456,ODIR,AMD_WET,AMD_WET,1,3.2844497443594624e-06,0.9990129655016057,0.000983750048649944
RETFOUND_MAE_CFP_FROZEN_PCA128_SVM,7777,ODIR,S000457,ODIR,AMD_WET,AMD_WET,1,0.02210765358283026,0.9357075340713985,0.042184812345771226
RETFOUND_MAE_CFP_FROZEN_PCA128_SVM,7777,ODIR,S000458,ODIR,AMD_WET,AMD_WET,1,0.013581035102868542,0.98221706387996,0.004201901017171242
RETFOUND_MAE_CFP_FROZEN_PCA128_SVM,7777,ODIR,S000459,ODIR,AMD_WET,AMD_WET,1,0.08274712382954601,0.8295236874630703,0.08772918870738379
RETFOUND_MAE_CFP_FROZEN_PCA128_SVM,7777,ODIR,S000460,ODIR,AMD_WET,AMD_WET,1,0.118068205748931,0.7538640980367506,0.1280676962143188
RETFOUND_MAE_CFP_FROZEN_PCA128_SVM,7777,ODIR,S000461,ODIR,AMD_WET,AMD_WET,1,0.21254003186014994,0.7752674991718611,0.012192468967988946
RETFOUND_MAE_CFP_FROZEN_PCA128_SVM,7777,ODIR,S000462,ODIR,AMD_WET,AMD_WET,1,0.01168732220071286,0.9872840094974358,0.001028668301851643
RETFOUND_MAE_CFP_FROZEN_PCA128_SVM,7777,ODIR,S000463,ODIR,AMD_WET,AMD_WET,1,0.008208909261109874,0.984926601786406,0.006864488952484233
RETFOUND_MAE_CFP_FROZEN_PCA128_SVM,7777,ODIR,S000464,ODIR,AMD_WET,AMD_WET,1,0.026006184573419973,0.9657323387558953,0.008261476670684623
RETFOUND_MAE_CFP_FROZEN_PCA128_SVM,7777,ODIR,S000465,ODIR,AMD_WET,AMD_WET,1,0.180432020567853,0.7206649229949857,0.09890305643716135
RETFOUND_MAE_CFP_FROZEN_PCA128_SVM,7777,ODIR,S000466,ODIR,AMD_WET,AMD_WET,1,0.004493964622394014,0.9861354816145192,0.009370553763086646
RETFOUND_MAE_CFP_FROZEN_PCA128_SVM,7777,ODIR,S000467,ODIR,AMD_WET,AMD_WET,1,0.007614681791681166,0.9875316274452904,0.004853690763028497
RETFOUND_MAE_CFP_FROZEN_PCA128_SVM,7777,ODIR,S000468,ODIR,AMD_WET,AMD_WET,1,1.973484312132255e-06,0.9992561489205001,0.0007418775951877495
RETFOUND_MAE_CFP_FROZEN_PCA128_SVM,7777,ODIR,S000469,ODIR,AMD_WET,AMD_WET,1,0.004987633881024973,0.9921172290417787,0.0028951370771961708
RETFOUND_MAE_CFP_FROZEN_PCA128_SVM,7777,ODIR,S000470,ODIR,AMD_WET,AMD_WET,1,1.7422931489552873e-06,0.9993258798655387,0.0006723778413123386
RETFOUND_MAE_CFP_FROZEN_PCA128_SVM,7777,ODIR,S000471,ODIR,AMD_WET,AMD_WET,1,0.14732909925841983,0.7707574756132888,0.08191342512829117
RETFOUND_MAE_CFP_FROZEN_PCA128_SVM,7777,ODIR,S000472,ODIR,AMD_WET,AMD_WET,1,0.17268291139620973,0.6977309760227616,0.12958611258102853
RETFOUND_MAE_CFP_FROZEN_PCA128_SVM,7777,RFMID,S000473,RFMID,NORMAL,NORMAL,1,0.09117546899746412,0.24473300797902234,0.6640915230235137
RETFOUND_MAE_CFP_FROZEN_PCA128_SVM,7777,RFMID,S000474,RFMID,NORMAL,NORMAL,1,0.031349260664285075,0.14813621282874545,0.8205145265069693
RETFOUND_MAE_CFP_FROZEN_PCA128_SVM,7777,RFMID,S000475,RFMID,NORMAL,NORMAL,1,0.07330679266905851,0.42059251659437974,0.5061006907365618
RETFOUND_MAE_CFP_FROZEN_PCA128_SVM,7777,RFMID,S000476,RFMID,NORMAL,AMD_WET,0,0.270267759898989,0.4655398487491075,0.26419239135190326
RETFOUND_MAE_CFP_FROZEN_PCA128_SVM,7777,RFMID,S000477,RFMID,NORMAL,NORMAL,1,0.10163993946898636,0.3054037516027177,0.5929563089282962
RETFOUND_MAE_CFP_FROZEN_PCA128_SVM,7777,RFMID,S000478,RFMID,NORMAL,AMD_DRY,0,0.6681316563722496,0.06750507710420706,0.26436326652354325
RETFOUND_MAE_CFP_FROZEN_PCA128_SVM,7777,RFMID,S000479,RFMID,NORMAL,NORMAL,1,0.10283300258725667,0.034033681121098086,0.8631333162916452
RETFOUND_MAE_CFP_FROZEN_PCA128_SVM,7777,RFMID,S000480,RFMID,NORMAL,NORMAL,1,0.024723011694146358,0.010202063334404281,0.9650749249714494
RETFOUND_MAE_CFP_FROZEN_PCA128_SVM,7777,RFMID,S000481,RFMID,NORMAL,NORMAL,1,0.2186894965526904,0.12914358779952198,0.6521669156477875
RETFOUND_MAE_CFP_FROZEN_PCA128_SVM,7777,RFMID,S000482,RFMID,NORMAL,NORMAL,1,0.1823359118181426,0.009839576753850325,0.807824511428007
RETFOUND_MAE_CFP_FROZEN_PCA128_SVM,7777,RFMID,S000483,RFMID,NORMAL,NORMAL,1,0.007026440369853674,0.04030935936066941,0.9526642002694772
RETFOUND_MAE_CFP_FROZEN_PCA128_SVM,7777,RFMID,S000484,RFMID,NORMAL,AMD_WET,0,0.23536996306668445,0.4345408370226829,0.33008919991063235
RETFOUND_MAE_CFP_FROZEN_PCA128_SVM,7777,RFMID,S000485,RFMID,NORMAL,NORMAL,1,0.353975976411028,0.1684591196581207,0.4775649039308513
RETFOUND_MAE_CFP_FROZEN_PCA128_SVM,7777,RFMID,S000486,RFMID,NORMAL,NORMAL,1,0.07746408688976252,0.08248768447790426,0.8400482286323331
RETFOUND_MAE_CFP_FROZEN_PCA128_SVM,7777,RFMID,S000487,RFMID,NORMAL,NORMAL,1,0.011478963275167493,0.016172712659147992,0.9723483240656843
RETFOUND_MAE_CFP_FROZEN_PCA128_SVM,7777,RFMID,S000488,RFMID,NORMAL,NORMAL,1,0.06864742143662697,0.023748248032045883,0.907604330531327
RETFOUND_MAE_CFP_FROZEN_PCA128_SVM,7777,RFMID,S000489,RFMID,NORMAL,NORMAL,1,0.3529452479012512,0.030577495870502833,0.6164772562282458
RETFOUND_MAE_CFP_FROZEN_PCA128_SVM,7777,RFMID,S000490,RFMID,NORMAL,NORMAL,1,0.0532889162187577,0.2451589021255166,0.7015521816557256
RETFOUND_MAE_CFP_FROZEN_PCA128_SVM,7777,RFMID,S000491,RFMID,NORMAL,AMD_DRY,0,0.4041995423589248,0.36076088219778074,0.23503957544329465
RETFOUND_MAE_CFP_FROZEN_PCA128_SVM,7777,RFMID,S000492,RFMID,NORMAL,NORMAL,1,0.01467149096836043,0.17702163415591082,0.8083068748757286
RETFOUND_MAE_CFP_FROZEN_PCA128_SVM,7777,RFMID,S000493,RFMID,NORMAL,NORMAL,1,0.014343474041428106,0.11800755133794262,0.8676489746206293
RETFOUND_MAE_CFP_FROZEN_PCA128_SVM,7777,RFMID,S000494,RFMID,NORMAL,NORMAL,1,0.4340505009273439,0.058919119477701405,0.5070303795949547
RETFOUND_MAE_CFP_FROZEN_PCA128_SVM,7777,RFMID,S000495,RFMID,NORMAL,NORMAL,1,0.39461798609891197,0.019265326111432984,0.5861166877896551
RETFOUND_MAE_CFP_FROZEN_PCA128_SVM,7777,RFMID,S000496,RFMID,NORMAL,NORMAL,1,0.19207460509459473,0.24759880634566722,0.5603265885597379
RETFOUND_MAE_CFP_FROZEN_PCA128_SVM,7777,RFMID,S000497,RFMID,NORMAL,NORMAL,1,0.0027143970645657897,0.009339015361992848,0.9879465875734417
RETFOUND_MAE_CFP_FROZEN_PCA128_SVM,7777,RFMID,S000498,RFMID,NORMAL,AMD_DRY,0,0.5810706964703134,0.16740322893938994,0.2515260745902967
RETFOUND_MAE_CFP_FROZEN_PCA128_SVM,7777,RFMID,S000499,RFMID,NORMAL,AMD_WET,0,0.12509423101472714,0.5179076882850827,0.35699808070019035
RETFOUND_MAE_CFP_FROZEN_PCA128_SVM,7777,RFMID,S000500,RFMID,NORMAL,NORMAL,1,0.20430135868511604,0.0827144978383891,0.7129841434764949
RETFOUND_MAE_CFP_FROZEN_PCA128_SVM,7777,RFMID,S000501,RFMID,NORMAL,NORMAL,1,0.1306766585140368,0.023125222474732844,0.8461981190112302
RETFOUND_MAE_CFP_FROZEN_PCA128_SVM,7777,RFMID,S000502,RFMID,NORMAL,NORMAL,1,0.07135646823528541,0.08770367120039282,0.8409398605643219
RETFOUND_MAE_CFP_FROZEN_PCA128_SVM,7777,RFMID,S000503,RFMID,NORMAL,NORMAL,1,0.09119149037096982,0.03799794200542145,0.8708105676236084
RETFOUND_MAE_CFP_FROZEN_PCA128_SVM,7777,RFMID,S000504,RFMID,NORMAL,NORMAL,1,0.22583791736806041,0.034133657790592145,0.7400284248413473
RETFOUND_MAE_CFP_FROZEN_PCA128_SVM,7777,RFMID,S000505,RFMID,NORMAL,NORMAL,1,0.33802246319608503,0.015546570136193687,0.6464309666677212
RETFOUND_MAE_CFP_FROZEN_PCA128_SVM,7777,RFMID,S000506,RFMID,NORMAL,NORMAL,1,0.13344568442870094,0.21282891520283484,0.653725400368464
RETFOUND_MAE_CFP_FROZEN_PCA128_SVM,7777,RFMID,S000507,RFMID,NORMAL,NORMAL,1,0.035857188647220026,0.007481119825112689,0.9566616915276671
RETFOUND_MAE_CFP_FROZEN_PCA128_SVM,7777,RFMID,S000508,RFMID,NORMAL,NORMAL,1,0.19063711266371863,0.15128570091758453,0.6580771864186965
RETFOUND_MAE_CFP_FROZEN_PCA128_SVM,7777,RFMID,S000509,RFMID,NORMAL,NORMAL,1,0.016614570908260313,0.003155339193953819,0.9802300898977858
RETFOUND_MAE_CFP_FROZEN_PCA128_SVM,7777,RFMID,S000510,RFMID,NORMAL,AMD_DRY,0,0.4489781580194915,0.23020673028899472,0.32081511169151383
RETFOUND_MAE_CFP_FROZEN_PCA128_SVM,7777,RFMID,S000511,RFMID,NORMAL,NORMAL,1,0.1254316726140811,0.2094724673382543,0.6650958600476643
RETFOUND_MAE_CFP_FROZEN_PCA128_SVM,7777,RFMID,S000512,RFMID,NORMAL,NORMAL,1,0.2375306382554023,0.030737055622751433,0.731732306121846
RETFOUND_MAE_CFP_FROZEN_PCA128_SVM,7777,RFMID,S000513,RFMID,NORMAL,AMD_WET,0,0.33647889871525316,0.4267056423188975,0.23681545896584907
RETFOUND_MAE_CFP_FROZEN_PCA128_SVM,7777,RFMID,S000514,RFMID,NORMAL,NORMAL,1,0.059164004788279365,0.04130958986653128,0.8995264053451892
RETFOUND_MAE_CFP_FROZEN_PCA128_SVM,7777,RFMID,S000515,RFMID,NORMAL,NORMAL,1,0.20303870862812615,0.061066274248127037,0.7358950171237469
RETFOUND_MAE_CFP_FROZEN_PCA128_SVM,7777,RFMID,S000516,RFMID,NORMAL,NORMAL,1,0.04981683864069359,0.09694472676687481,0.8532384345924319
RETFOUND_MAE_CFP_FROZEN_PCA128_SVM,7777,RFMID,S000517,RFMID,NORMAL,NORMAL,1,0.34617706999279774,0.30214016339617855,0.35168276661102377
RETFOUND_MAE_CFP_FROZEN_PCA128_SVM,7777,RFMID,S000518,RFMID,NORMAL,NORMAL,1,0.06567895543800424,0.0055261146285209345,0.9287949299334748
RETFOUND_MAE_CFP_FROZEN_PCA128_SVM,7777,RFMID,S000519,RFMID,NORMAL,AMD_DRY,0,0.7909747727174492,0.030329030870348498,0.17869619641220183
RETFOUND_MAE_CFP_FROZEN_PCA128_SVM,7777,RFMID,S000520,RFMID,NORMAL,NORMAL,1,0.2711722151685459,0.12639378325674297,0.6024340015747112
RETFOUND_MAE_CFP_FROZEN_PCA128_SVM,7777,RFMID,S000521,RFMID,NORMAL,NORMAL,1,0.16063222786604422,0.029622397967422925,0.8097453741665329
RETFOUND_MAE_CFP_FROZEN_PCA128_SVM,7777,RFMID,S000522,RFMID,NORMAL,NORMAL,1,0.26909274971542924,0.35423889211414683,0.3766683581704239
RETFOUND_MAE_CFP_FROZEN_PCA128_SVM,7777,RFMID,S000523,RFMID,NORMAL,NORMAL,1,0.01017246999984847,0.0029162547705713386,0.9869112752295801
RETFOUND_MAE_CFP_FROZEN_PCA128_SVM,7777,RFMID,S000524,RFMID,NORMAL,NORMAL,1,0.03739586921620617,0.17245717605496716,0.7901469547288266
RETFOUND_MAE_CFP_FROZEN_PCA128_SVM,7777,RFMID,S000525,RFMID,NORMAL,NORMAL,1,0.2200071090517388,0.03462804905282768,0.7453648418954337
RETFOUND_MAE_CFP_FROZEN_PCA128_SVM,7777,RFMID,S000526,RFMID,NORMAL,AMD_WET,0,0.04434252453947468,0.5941522482135752,0.36150522724695006
RETFOUND_MAE_CFP_FROZEN_PCA128_SVM,7777,RFMID,S000527,RFMID,NORMAL,NORMAL,1,0.3499390464207719,0.03494855079669352,0.615112402782535
RETFOUND_MAE_CFP_FROZEN_PCA128_SVM,7777,RFMID,S000528,RFMID,NORMAL,NORMAL,1,0.03785882829820344,0.10285197312704156,0.8592891985747549
RETFOUND_MAE_CFP_FROZEN_PCA128_SVM,7777,RFMID,S000529,RFMID,NORMAL,NORMAL,1,0.23125369107935914,0.1902277817084674,0.5785185272121733
RETFOUND_MAE_CFP_FROZEN_PCA128_SVM,7777,RFMID,S000530,RFMID,NORMAL,NORMAL,1,0.10113942050556492,0.18202052350509057,0.7168400559893444
RETFOUND_MAE_CFP_FROZEN_PCA128_SVM,7777,RFMID,S000531,RFMID,NORMAL,NORMAL,1,0.10062898134227428,0.17992804019289793,0.7194429784648277
RETFOUND_MAE_CFP_FROZEN_PCA128_SVM,7777,RFMID,S000532,RFMID,NORMAL,NORMAL,1,0.0709560777226649,0.017986697698370604,0.9110572245789647
RETFOUND_MAE_CFP_FROZEN_PCA128_SVM,7777,RFMID,S000533,RFMID,NORMAL,NORMAL,1,0.03648622738988227,0.056263677451615826,0.9072500951585023
RETFOUND_MAE_CFP_FROZEN_PCA128_SVM,7777,RFMID,S000534,RFMID,NORMAL,NORMAL,1,0.03686878488557874,0.04735029091750789,0.9157809241969134
RETFOUND_MAE_CFP_FROZEN_PCA128_SVM,7777,RFMID,S000535,RFMID,NORMAL,AMD_DRY,0,0.6502769242663767,0.025531742345516795,0.3241913333881066
RETFOUND_MAE_CFP_FROZEN_PCA128_SVM,7777,RFMID,S000536,RFMID,AMD_DRY,AMD_DRY,1,0.8582703266344037,0.12889279897427666,0.01283687439131925
RETFOUND_MAE_CFP_FROZEN_PCA128_SVM,7777,RFMID,S000537,RFMID,AMD_DRY,AMD_DRY,1,0.9318738270843971,0.057289399999766066,0.010836772915836802
RETFOUND_MAE_CFP_FROZEN_PCA128_SVM,7777,RFMID,S000538,RFMID,AMD_DRY,AMD_WET,0,0.14283972675949433,0.8471872892431268,0.009972983997378872
RETFOUND_MAE_CFP_FROZEN_PCA128_SVM,7777,RFMID,S000539,RFMID,AMD_DRY,AMD_DRY,1,0.6112719461561545,0.3830616059993418,0.005666447844503954
RETFOUND_MAE_CFP_FROZEN_PCA128_SVM,7777,RFMID,S000540,RFMID,AMD_DRY,AMD_DRY,1,0.6812878936823841,0.30426981650940765,0.014442289808208143
RETFOUND_MAE_CFP_FROZEN_PCA128_SVM,7777,RFMID,S000541,RFMID,AMD_DRY,AMD_WET,0,0.326949411340725,0.6611655897182555,0.0118849989410192
RETFOUND_MAE_CFP_FROZEN_PCA128_SVM,7777,RFMID,S000542,RFMID,AMD_DRY,AMD_WET,0,0.24560235935674704,0.7498193621269503,0.004578278516302839
RETFOUND_MAE_CFP_FROZEN_PCA128_SVM,7777,RFMID,S000543,RFMID,AMD_DRY,AMD_DRY,1,0.5265466370978832,0.46573310196188555,0.007720260940231142
RETFOUND_MAE_CFP_FROZEN_PCA128_SVM,7777,RFMID,S000544,RFMID,AMD_WET,AMD_WET,1,0.08093676169149129,0.898172121107986,0.020891117200522856
RETFOUND_MAE_CFP_FROZEN_PCA128_SVM,7777,RFMID,S000545,RFMID,AMD_WET,AMD_DRY,0,0.5892096209895656,0.40869692919150613,0.002093449818928212
RETFOUND_MAE_CFP_FROZEN_PCA128_SVM,7777,RFMID,S000546,RFMID,AMD_WET,AMD_WET,1,0.08707955669138978,0.8930434946460297,0.019876948662580822
RETFOUND_MAE_CFP_FROZEN_PCA128_SVM,7777,RFMID,S000547,RFMID,AMD_WET,AMD_DRY,0,0.4981472385163474,0.48328618402397366,0.018566577459678803
RETFOUND_MAE_CFP_FROZEN_PCA128_SVM,7777,RFMID,S000548,RFMID,AMD_WET,AMD_WET,1,0.09693147797304191,0.879685517745826,0.02338300428113233
RETFOUND_MAE_CFP_FROZEN_PCA128_SVM,7777,RFMID,S000549,RFMID,AMD_WET,AMD_WET,1,1.5653113968137506e-06,0.9993877769954115,0.0006106576931916188
RETFOUND_MAE_CFP_FROZEN_PCA128_SVM,7777,RFMID,S000550,RFMID,AMD_WET,AMD_WET,1,0.0035428315801307297,0.995460251379518,0.0009969170403510775
RETFOUND_MAE_CFP_FROZEN_PCA128_SVM,7777,RFMID,S000551,RFMID,AMD_WET,AMD_WET,1,2.075271990503839e-07,0.9999533235548749,4.646891792611144e-05
RETFOUND_MAE_CFP_FROZEN_PCA128_SVM,7777,RFMID,S000552,RFMID,AMD_WET,AMD_WET,1,0.0693929832366257,0.912127543939633,0.018479472823741537
RETFOUND_MAE_CFP_FROZEN_PCA128_SVM,7777,RFMID,S000553,RFMID,AMD_WET,AMD_WET,1,0.07888453020873856,0.8975513652616581,0.023564104529603332
RETFOUND_MAE_CFP_FROZEN_PCA128_SVM,7777,RFMID,S000554,RFMID,AMD_WET,AMD_WET,1,0.010806961559707874,0.9848021337386699,0.004390904701622304
RETFOUND_MAE_CFP_FROZEN_PCA128_SVM,7777,RFMID,S000555,RFMID,AMD_WET,AMD_WET,1,0.012813068171847412,0.9850293408661314,0.0021575909620211472
RETFOUND_MAE_CFP_FROZEN_PCA128_SVM,7777,RFMID,S000556,RFMID,AMD_WET,AMD_WET,1,0.005188662075758465,0.9921559635228051,0.00265537440143649
RETFOUND_MAE_CFP_FROZEN_PCA128_SVM,7777,RFMID,S000557,RFMID,AMD_WET,AMD_WET,1,1.2197014878121693e-07,0.9998865337207893,0.00011334430906201847
RETFOUND_MAE_CFP_FROZEN_PCA128_SVM,7777,RFMID,S000558,RFMID,AMD_WET,AMD_WET,1,0.0028224349036073443,0.9953896697286573,0.0017878953677353932
RETFOUND_MAE_CFP_FROZEN_PCA128_SVM,7777,RFMID,S000559,RFMID,AMD_WET,AMD_WET,1,0.023867325904978497,0.9715705429979264,0.004562131097095064
RETFOUND_MAE_CFP_FROZEN_PCA128_SVM,7777,RFMID,S000560,RFMID,AMD_WET,AMD_WET,1,0.08372287686298763,0.9121079473752505,0.004169175761761991
RETFOUND_MAE_CFP_FROZEN_PCA128_SVM,7777,RFMID,S000561,RFMID,AMD_WET,AMD_WET,1,0.006450985662224647,0.9909611659341123,0.002587848403663027
RETFOUND_MAE_CFP_FROZEN_PCA128_SVM,7777,RFMID,S000562,RFMID,AMD_WET,AMD_WET,1,0.10703122753247661,0.8913824758604887,0.0015862966070347743
RETFOUND_MAE_CFP_FROZEN_PCA128_SVM,7777,RFMID,S000563,RFMID,AMD_WET,AMD_WET,1,0.006200750778926281,0.9922799128252267,0.0015193363958468516
RETFOUND_MAE_CFP_FROZEN_PCA128_SVM,7777,RFMID,S000564,RFMID,AMD_WET,AMD_WET,1,0.05967688576789912,0.938548266099752,0.0017748481323487232
RETFOUND_MAE_CFP_FROZEN_PCA128_SVM,7777,RFMID,S000565,RFMID,AMD_WET,AMD_WET,1,0.011368670417627442,0.9885299196365612,0.00010140994581142995
RETFOUND_MAE_CFP_FROZEN_PCA128_SVM,7777,RFMID,S000566,RFMID,AMD_WET,AMD_WET,1,0.0017858018851662973,0.9976347518029152,0.0005794463119186077
RETFOUND_MAE_CFP_FROZEN_PCA128_SVM,7777,RFMID,S000567,RFMID,AMD_WET,AMD_WET,1,0.01919133595442367,0.9752821993866005,0.005526464658975761
RETFOUND_MAE_CFP_FROZEN_PCA128_SVM,7777,RFMID,S000568,RFMID,AMD_WET,AMD_WET,1,0.31477201392157456,0.6770591195463493,0.008168866532076324
RETFOUND_MAE_CFP_FROZEN_PCA128_SVM,7777,RFMID,S000569,RFMID,AMD_WET,AMD_WET,1,0.004786607947530053,0.9941658035177773,0.0010475885346928856
RETFOUND_MAE_CFP_FROZEN_PCA128_SVM,7777,RFMID,S000570,RFMID,AMD_WET,AMD_WET,1,0.008467501407803963,0.9913780559949135,0.00015444259728250668
RETFOUND_MAE_CFP_FROZEN_PCA128_SVM,7777,RFMID,S000571,RFMID,AMD_WET,AMD_WET,1,0.01949375948384721,0.9756839900779248,0.00482225043822789
RETFOUND_MAE_CFP_FROZEN_PCA128_SVM,7777,RFMID,S000572,RFMID,AMD_WET,AMD_WET,1,0.028928066061727323,0.9680660125938292,0.003005921344443561
RETFOUND_MAE_CFP_FROZEN_PCA128_SVM,7777,RFMID,S000573,RFMID,AMD_WET,AMD_WET,1,0.3897919152103765,0.5892557823210628,0.02095230246856091
RETFOUND_MAE_CFP_FROZEN_PCA128_SVM,7777,RFMID,S000574,RFMID,AMD_WET,AMD_WET,1,0.019354966405883998,0.9771004092663176,0.0035446243277983814
RETFOUND_MAE_CFP_FROZEN_PCA128_SVM,7777,RFMID,S000575,RFMID,AMD_WET,AMD_WET,1,0.023007559255021376,0.9726454625294805,0.004346978215497831
RETFOUND_MAE_CFP_FROZEN_PCA128_SVM,7777,RFMID,S000576,RFMID,AMD_WET,AMD_WET,1,0.0040448360087200685,0.9942708531864767,0.0016843108048033338
RETFOUND_MAE_CFP_FROZEN_PCA128_SVM,7777,RFMID,S000577,RFMID,AMD_WET,AMD_WET,1,0.005086453709827738,0.9931950020811717,0.00171854420900059
RETFOUND_MAE_CFP_FROZEN_PCA128_SVM,7777,RFMID,S000578,RFMID,AMD_WET,AMD_WET,1,0.07339879039960222,0.9255352693252715,0.0010659402751264397
RETFOUND_MAE_CFP_FROZEN_PCA128_SVM,7777,RFMID,S000579,RFMID,AMD_WET,AMD_WET,1,0.015541908312194352,0.9793066280197302,0.005151463668075389
RETFOUND_MAE_CFP_FROZEN_PCA128_SVM,7777,RFMID,S000580,RFMID,AMD_WET,AMD_WET,1,0.002434795333610989,0.9948630353671813,0.002702169299207648
RETFOUND_MAE_CFP_FROZEN_PCA128_SVM,7777,RFMID,S000581,RFMID,AMD_WET,AMD_WET,1,0.024927130731903682,0.9718399106279876,0.003232958640108857
RETFOUND_MAE_CFP_FROZEN_PCA128_SVM,7777,RFMID,S000582,RFMID,AMD_WET,AMD_WET,1,0.07316758765703714,0.9115837980660532,0.01524861427690974
RETFOUND_MAE_CFP_FROZEN_PCA128_SVM,7777,RFMID,S000583,RFMID,AMD_WET,AMD_WET,1,0.05351941273302758,0.9351008895767763,0.011379697690196103
RETFOUND_MAE_CFP_FROZEN_PCA128_SVM,7777,RFMID,S000584,RFMID,AMD_WET,AMD_WET,1,0.004285031656983324,0.9945521490442089,0.0011628192988080072
RETFOUND_MAE_CFP_FROZEN_PCA128_SVM,7777,RFMID,S000585,RFMID,AMD_WET,AMD_WET,1,0.02100212597820312,0.9789132544809782,8.461954081841559e-05
RETFOUND_MAE_CFP_FROZEN_PCA128_SVM,7777,RFMID,S000586,RFMID,AMD_WET,AMD_WET,1,0.06485633595016224,0.9265211995386715,0.008622464511166305
RETFOUND_MAE_CFP_FROZEN_PCA128_SVM,7777,RFMID,S000587,RFMID,AMD_WET,AMD_WET,1,0.04661755858708627,0.9508457439769532,0.002536697435960244
RETFOUND_MAE_CFP_FROZEN_PCA128_SVM,7777,RFMID,S000588,RFMID,AMD_WET,AMD_DRY,0,0.599290681767765,0.3786908269070443,0.022018491325190702
RETFOUND_MAE_CFP_FROZEN_PCA128_SVM,7777,RFMID,S000589,RFMID,AMD_WET,AMD_WET,1,0.2786656356572573,0.715748509863692,0.005585854479050929
RETFOUND_MAE_CFP_FROZEN_PCA128_SVM,7777,RFMID,S000590,RFMID,AMD_WET,AMD_WET,1,0.04401040552187111,0.9462853730357598,0.00970422144236911
RETFOUND_MAE_CFP_FROZEN_PCA128_SVM,7777,RFMID,S000591,RFMID,AMD_WET,AMD_WET,1,0.0037743568440185226,0.9951425866671451,0.0010830564888363616
RETFOUND_MAE_CFP_FROZEN_PCA128_SVM,7777,RFMID,S000592,RFMID,AMD_WET,AMD_WET,1,0.0470383570390361,0.9437458722903972,0.009215770670566635
RETFOUND_MAE_CFP_FROZEN_PCA128_SVM,7777,RFMID,S000593,RFMID,AMD_WET,AMD_WET,1,8.192796591126681e-08,0.9998850969549761,0.00011482111705799928
RETFOUND_MAE_CFP_FROZEN_PCA128_SVM,7777,RFMID,S000594,RFMID,AMD_WET,AMD_WET,1,0.05505000497647132,0.9409157332944097,0.00403426172911889
RETFOUND_MAE_CFP_FROZEN_PCA128_SVM,7777,RFMID,S000595,RFMID,AMD_WET,AMD_WET,1,0.04699613439749872,0.951919045825986,0.0010848197765153359
RETFOUND_MAE_CFP_FROZEN_PCA128_SVM,7777,RFMID,S000596,RFMID,AMD_WET,AMD_WET,1,0.02118354280972533,0.9783513113041448,0.0004651458861301879
RETFOUND_MAE_CFP_FROZEN_PCA128_SVM,7777,RFMID,S000597,RFMID,AMD_WET,AMD_WET,1,0.345347581474665,0.6481562765202243,0.006496142005110839
